-0.37715330399
-0.464001160597
0.367105580613
0.29620361192
0.381487394332
-0.252899258905
0.131195820291
-0.241431729277
-0.259985940283
0.368035788922
0.348840686776
0.216706058354
0.196499945386
0.17755427913
0.347205650922
0.0824328714162
-0.439131229276
-0.0159152434106
-0.0705543992452
0.208932665103
0.184739345037
0.14137283386
-0.0767304167585
0.236233996853
-0.325678508019
0.0064527576445
0.164322770111
0.27212062119
0.327358729104
0.239387098755
0.127253944534
-0.122691006395
-0.593605946694
0.285392613335
0.107570646409
0.233123457438
0.381331355231
-0.031363096969
0.113693180925
0.0268355559562
-0.508348648989
0.212752361724
0.303356656842
0.161411866091
0.138444803623
0.106363977895
0.0361214595444
-0.0295078797216
-0.299516735395
-0.180904463879
0.22870839786
0.174920549545
0.0407403729368
0.0706853279117
0.203809725012
0.0937960478472
0.370774544543
-0.299590214301
-0.0419620798573
-0.054788294327
0.211803888306
0.469204828951
0.469307256857
0.274353663059
0.816457877302
-0.199713090817
-0.202648710809
0.405532017236
0.555640369364
0.562170899872
0.778036077426
-0.0283759936383
0.798211496767
0.0693352826072
0.0592547149654
-0.0140639346095
0.422322206523
0.70115458485
0.483950603972
0.384050533074
0.263471475138
0.135902503956
-0.163906687182
-0.252115023644
0.221770250644
0.216118784369
0.301701801432
0.791649526324
0.0859810501713
-0.0270676409776
-0.195460932815
-0.30995299342
-0.0122837536986
-0.0845288516008
0.143774727082
0.676283841735
-0.0375876584373
-0.245562885425
-0.0921829729948
-0.498847538354
-0.118057445774
-0.318461997565
0.266389116467
0.584300357283
0.467157941452
-0.124033398501
0.0732519747643
-0.554672388151
-0.265063604925
-0.473742554646
0.149460412838
0.471450284017
0.227029256586
-0.33092851246
-0.0126074885142
-0.280079032278
-0.792277804137
-0.136696461849
-0.668343557179
-0.0391741260865
-0.226420563095
0.208151703707
-0.390513218345
-0.624362972746
-0.717885412885
-0.487274387645
0.00507841228645
0.320547266739
0.282918596816
0.14268010632
-0.364544315143
-0.559650694562
-0.62760795257
-1.04708802659
-0.780882877781
-0.661865110074
-0.140359005301
-0.136303344397
-0.544390082414
-0.110461744776
-0.485893885287
-0.463611634421
-0.44980330742
-0.421378926193
-0.05267624757
-0.21551519003
-0.293779419201
-0.339468379795
-0.178481351299
-0.174592668129
-0.749693951063
-0.176628732583
0.0611370661203
-0.197931214232
-0.378805594032
-0.334960669003
-0.464731663508
-0.104242616108
-0.144926406643
-0.29075554506
-0.0596983219189
-0.169626363875
-0.254098278483
-0.11167070647
-0.146118169522
-0.804845875481
-0.507275892632
-0.292684328929
0.169006492413
-0.294020907163
-0.370778108337
-0.311912519741
-0.502289784467
0.10150360576
-0.446714330003
-0.792064681492
-0.304374155024
-0.0419438438616
0.0480763190479
-0.10265885591
0.0017872134846
-0.113588000064
-0.246913934795
-1.23872115154
-0.17350231066
-0.0925019066455
0.115558445377
0.0675996197948
-0.190791433717
-0.0329563586315
-0.230766041371
-0.337443218527
-0.30397763694
-0.124128694989
-0.0203356614562
0.321970790804
-0.0444498178538
0.0160182631367
0.067107756234
0.66754750217
-0.340399815034
0.163430686341
0.132849392988
0.14596559763
0.232330304159
0.00141935507054
0.122711670207
1.01164263171
-0.112994124094
0.353660105798
0.347135318996
0.13442107777
-0.255871732671
0.0294063113611
0.527419110526
0.939220641437
-0.192232456969
0.379307012798
0.38249676382
0.403723214677
0.194432015889
0.487047638792
0.759984776017
0.828689363329
0.123326300664
0.343762955405
0.398285411137
0.70630906974
0.203365106096
0.419144699503
0.450203035261
0.551356237219
0.330314422734
0.496270707849
0.764536041077
0.292653355339
0.477786255606
0.40985974271
0.534401583092
0.420290916104
0.590979219069
0.417766059146
0.64935469461
0.443342380519
0.697587979783
0.31872706683
0.344214627499
0.0893539553792
0.532692003345
0.847100231477
0.707725639328
0.859891645284
0.710728166039
0.35409263597
0.185663638673
-0.428674355677
-0.447143681239
-0.188853929099
-0.496263864695
0.104565910886
0.403697140854
0.0789759287037
0.494722263512
-0.344123923494
-0.584503256709
-0.0778028105391
0.111748496129
-0.0368332941117
-0.0284848251701
0.304029392134
0.0678395874211
-0.182997493874
-0.583520096973
-0.638285900265
0.0503552677243
0.308149577322
0.0850841285287
0.349504021931
-0.0214988509437
-0.00858434652385
-0.615525499746
-0.211694971675
0.178242874621
0.0618176814871
0.353910472036
-0.0715019220784
-0.0469660962501
-0.16730167083
-0.480054444816
-0.38452068274
0.102532478616
0.437163465731
0.108602079257
0.128103821349
-0.23857255091
0.246933376764
-0.597887011029
-0.100883928796
-0.0701733102034
0.304501903053
0.017053812526
-0.039766967107
-0.243086557235
0.215031610812
-0.00890167111764
-0.373603691906
-0.0672002072789
-0.228242398886
-0.549647025785
-0.357873113843
-0.441626065918
-0.614632638853
1.06641544673
-0.136875222213
-0.841487875394
-1.37556968856
-0.28019071928
-0.588414389707
-0.00454898497813
-1.40469427857
1.62453370861
0.124857950911
-1.62378259665
-1.35874668117
-1.5128500291
-1.03108328307
-0.62795863703
-0.301737875321
2.20402359481
0.944422585455
0.0116903445155
-0.804053045639
-0.791319161688
-0.507140737676
0.0155738020991
-0.256482894506
0.746472509735
0.124167095717
0.113071203843
0.159446636253
0.161600824279
-0.165422928847
-0.030361634164
0.183180837746
0.0143392251784
-0.251581608615
0.282226488897
0.23847681494
0.221101791469
-0.0393927410557
-0.216489614318
-0.281546989616
-0.350796196572
0.0402836798744
0.386018939686
0.255339451504
0.10931347553
0.429307997197
-0.21507804522
-0.195754347245
-0.372951226234
0.085614195487
0.010586174686
0.516282669774
0.270344054083
0.242562707182
-0.0496668823184
0.0451741434383
-0.219240443062
0.191172921652
0.147242191421
0.424599598944
0.439843139955
0.269233691805
0.242287509975
-0.364293829825
-0.304404701765
-0.233833428016
0.166209515306
0.373787719196
0.620952200177
0.888509226442
0.770038830203
-0.298223018081
-0.452958453667
-0.222506215227
-0.68277205711
-0.630938310265
-0.412961888976
-0.328472777065
-0.512165070599
-0.316065882314
-0.263939272089
-0.332798985119
-0.166959538563
-0.229701955141
-0.521435494127
-0.0637522741038
-0.591548999642
-0.176821252761
0.194593422044
-0.173875832924
0.183326173988
-0.0314587278638
-0.045101553994
-0.438531040336
-0.362516885875
-0.50312668274
-0.637150047724
-0.326110061098
-0.474875265468
-0.111427368126
-0.193153556966
-0.228918313291
-0.290738095479
-0.4566264729
-0.394673749757
-0.520489257816
-0.503410711171
-0.402490350366
-0.20655899006
-0.0528167975958
-0.290993189819
-0.35526895978
-0.858529264997
-0.187212769775
-0.186973821014
-0.139429023143
-0.265875845649
0.170127633593
0.169799796051
0.0909708111258
-0.91313126895
-0.411165535455
-0.333079743653
-0.0184941292178
0.167650284383
-0.0216252252302
0.517353259725
0.244445335041
-0.917228463427
-0.297452322336
-0.469529234053
-0.066906105722
0.189971808301
0.290776037435
-0.0204532639578
0.345710791279
-0.302444222908
-0.0751484894432
0.230809854208
0.0616458864685
0.139366682508
0.419083309601
-0.139845931007
0.506085103365
-0.0381150241464
0.0874238565357
0.150264484062
0.0359361563592
0.297483518216
0.183726409288
0.395888015224
0.285605332193
0.3350121792
0.0700910204309
-0.068978444162
0.0619847272938
0.636643752341
0.296386919692
0.480146782057
0.175124887716
0.513046858569
0.445234481404
0.304999667364
0.215181139205
0.445352830598
0.726005988264
0.474595527817
0.0525196954889
0.494872125124
0.571443019068
0.269864247844
0.369480353707
0.285547160648
0.296435055625
0.453359654933
0.618003427805
0.528173860165
0.484897143008
0.523082494944
0.184561453572
0.339827239565
0.692359959908
0.388814645012
0.491226613692
0.2650850177
0.490111515887
0.449594904767
0.405480467575
0.411922572363
0.268506531065
0.504702450221
0.519092548229
0.386131394763
0.449322921483
0.833194883036
0.846473590527
0.504120834026
-0.0901602439454
0.292968404793
0.706813591828
-0.555362104683
-0.292332850005
-0.0683642064471
0.211583752456
-0.171815559373
0.0505761069049
0.572663336961
0.2236711182
-0.373633266563
-0.0793345609533
-0.177895732366
0.408787757366
0.231309250002
-0.0197761978131
-0.0533594985049
0.0105938981255
-0.250530395703
0.154404225026
-0.0455702023618
0.104541178969
0.252329095553
0.0310755368665
0.330039391621
0.0700713119696
-0.307897781915
0.144280046498
0.350051870019
0.181686671381
0.18304414731
0.301772875658
-0.0697890642378
0.210995455419
-0.31845720244
0.377636347608
0.0762052659148
0.393387474067
0.318645541991
0.191527688249
0.141269648076
0.552234076951
0.3386012252
0.353731694176
0.394422995241
0.117421409732
0.117791321252
0.141419411878
0.20841819031
0.301228220581
0.476903250884
0.603700176969
0.320549797664
0.330192620647
0.185648232941
0.119466649424
0.00441765758615
0.514383046886
1.00209847044
0.595431291301
0.354315069527
-0.0645996621782
0.19353207437
0.256339136169
0.293929991905
-0.41836095873
1.17332716411
0.777323036905
0.365263275897
0.0193611198169
0.00394295849779
-0.174169174924
-0.485024199629
-0.791566333802
0.810105108443
0.460599861372
0.284022099645
-0.269927475547
-0.469387843137
-0.65084005487
-0.560220105219
-0.367054425562
0.402222110169
0.20439091076
0.188576238023
-0.0454121599308
0.0407560179695
-0.223504044323
-0.162805548128
-0.0665564055809
-0.407433802207
-0.197130211025
0.0746670081538
0.296116206383
0.0225496665149
-0.00791749153897
-0.162960640053
-0.246888442417
-0.353041473762
-0.00917673822357
-0.038218135205
0.148802225015
0.211578724754
0.106451479148
-0.154937225145
-0.0343268731149
-0.537265421519
-0.0577967275843
-0.0922103336683
0.151434236317
0.511407364301
0.0973843034569
0.0742607130549
-0.0268122848067
-0.220323313003
0.174782296602
0.220435047717
0.240546077576
-0.165375497271
0.389463526862
0.115320117286
-0.181910568404
-0.388813739012
-0.426350675254
-0.165179697625
0.294509316186
0.415518131311
0.267855653202
0.278192380449
0.803678459235
-0.381053489537
0.205011067616
0.40185229681
0.524905610069
1.18212650345
1.10440351716
0.917272038474
0.709859320068
0.153699466612
0.042840322155
0.488518834326
0.158281154421
0.564525629978
0.754797809381
0.866300430406
1.08352592286
0.198212678728
-0.0254676923323
0.211613788039
0.419447738458
0.410524942234
0.436426129406
0.88201581884
0.43910387463
0.0744158183671
0.0393444740204
0.0431451127971
0.523002491781
0.295035633676
0.379486863282
0.630069917962
0.578792910948
-0.396997666354
-0.142299373967
0.10493705642
0.260367559608
0.0809544671713
-0.174469550924
0.143369443185
0.197086919531
0.181632678696
0.272259041026
0.012909131674
-0.301422071329
-0.336087560104
-1.09193595894
-0.530531153477
0.180544971501
0.0215435544996
0.0951155428971
0.111558693268
-0.100347954203
-0.295316268939
-0.569432420588
-0.638026110013
-0.286385229949
-0.055321315966
0.381073725562
0.361867627445
0.596167778779
0.151429107213
0.125505468149
-0.447553394661
-0.463353133871
0.671222829205
0.562218365137
0.411966930769
0.192012206176
0.27978866178
0.0882894264025
-0.0968344039828
-0.57219551292
0.169325504054
0.503662192748
0.0729863002962
0.408362505126
0.280528713763
0.0759201932673
-0.61303963698
-0.997714630596
-0.336286540495
0.293381162102
0.411509438573
0.0531270033416
0.263036321884
0.161958578975
-0.378378137632
-0.904509511708
-0.109302673878
-0.0893232064304
0.111899850872
0.270646235907
-0.130279455603
-0.133589274125
-0.385352000839
-0.556866135445
-0.936085802619
-0.227482665876
-0.545257985289
-0.0915270252733
0.210867761962
-0.288460819052
-0.734635886654
-0.528700505104
-0.28147120204
-0.897835143098
-0.462276661114
0.0830715855322
-0.0284244023787
-0.536136717293
-0.48140152913
-0.587358510235
-0.560504148391
-0.2808395047
-0.682073437152
-0.258340907685
-0.36238290453
-0.0826443217407
-0.180206182206
-0.653169215455
-1.07625691943
-1.0383947217
-0.453725284273
-0.685557079531
-0.498554643448
-0.599762768766
-0.362521465923
-0.500512481878
-0.379610671193
-0.116865350323
0.270406919388
0.3092601357
0.53871950521
0.330489073789
0.269633503712
0.318373948558
0.238482177905
0.407935620017
0.440333928169
0.330731774743
0.210750744332
0.0955672748287
0.201521681459
0.572175618493
-0.0157095933542
0.293931444879
0.419651850261
0.320765950196
0.308214843388
0.236609422105
0.167001526924
0.0947986370755
0.501710804154
0.253532063252
0.470759529298
0.613455493078
0.163394081109
0.171806261676
0.145104672706
0.0491037766118
0.252300072104
0.407916190314
0.432120770264
0.369707272692
0.576077455577
0.55125911918
0.0324635191302
0.0784032899003
-0.176838178683
0.192146943771
0.401917804344
0.205119494058
0.343500964252
0.447303081054
0.472091549101
0.187620730715
-0.0419973832663
0.166228830666
-0.170948619381
-0.0226060631264
0.0868096405478
0.252014978385
0.499089819013
0.340527104885
-0.914376724448
-0.233232854692
-0.363224213029
0.0116686913398
-0.0867668027078
-0.036776574039
0.203884201607
0.106292558596
-0.468736920174
-0.831493698121
0.279289797053
-0.592399191466
0.0666120216441
0.394219528951
0.328481502838
0.334120222587
-0.256891232418
-0.661487378598
-0.267707562017
0.229623291049
0.120349219607
0.446415309581
0.384864937085
0.525379051305
0.190710834838
-0.306927867518
-0.302479425233
-0.433634170269
0.131588452615
-0.04846436483
0.395242822252
0.428870465489
0.110549094816
0.000618893396761
-0.323138565022
0.0375174374144
-0.30210721195
0.162648628888
0.222991065164
0.382826539788
0.0461369564224
0.060518630972
0.0287130513136
0.112033898373
0.0335379229837
-0.0898497696159
-0.179965252553
0.241039534342
0.070450845368
-0.0139907372707
-0.0300506460858
0.0803392286994
0.0955584194979
-0.212758473483
0.212539155708
0.249679943208
-0.0771155273886
0.242071475553
-0.00635048286674
0.182502322296
0.0941630306086
-0.282403012948
-0.197557264801
-0.0265430299855
0.00562527325214
0.035924521648
0.133968296829
0.519088182451
0.253772920732
-0.217343373354
-0.0979387131442
-0.0350568427503
0.0258477531018
0.238619196427
-0.198891658182
0.000247743357618
-0.210907529118
-0.610494039361
-0.336930610402
0.37799093143
-0.0925846080855
-0.124901155447
0.105452937596
-0.110801009089
-0.371221062879
0.102294937755
-0.628414664669
-0.380757401563
-0.0939970432635
0.164866613569
-0.508053183032
0.0167544590047
-0.622434163199
-0.291709790677
-0.237398646997
-0.0513771957897
0.237736612176
-0.602084562633
-0.382610878765
-0.501223861813
-0.464135379694
-0.122117585832
-0.550125350919
0.0510868722073
0.309508439793
-0.192641427057
-0.40558150017
-0.713245475793
-0.717264206498
-0.762598067525
-0.729506073233
-0.352443382211
-0.31634510108
-0.178922008165
-0.162350385879
-0.465241571628
-0.351903045525
-0.462682446186
-0.43821280289
-0.705691845932
-0.209734632938
-0.0514905505334
-0.0830820443164
-0.00975376007025
-0.514561082456
-0.544027571726
-0.250198848437
-0.469323122682
0.479630450906
-0.0432503153773
0.0781375450047
-0.0183798668246
0.131208847972
-0.158106812998
0.235470836725
-0.0809633550334
-0.11653030207
0.0967940591711
0.118500594541
0.354331041572
-0.0100370551745
-0.162498109177
0.519923021507
0.088236685475
-0.170366461226
0.251369992744
0.522138625772
0.0505811466079
0.160467801627
-0.162720966287
0.175526048699
0.241817814639
-0.223395060099
0.325664328675
0.551663031479
0.111762948499
0.292746070056
0.305795685777
0.647186501479
0.449762824893
0.0920066877468
0.708728442579
0.491472056607
0.420533401268
0.317306610864
0.206855100661
0.509977398728
0.687411533535
0.0531198097357
0.504636969326
0.527303169037
0.242516377081
0.158797937958
0.054623354101
0.648616581814
0.682872317992
0.712514426432
0.580413502369
0.596417195136
0.367332350385
-0.365129004776
0.240987850183
0.52398273821
0.693972196006
0.562112709074
0.232474151101
0.426328552145
0.197483078968
-0.841918590206
0.312739894327
0.644968300949
0.581587287813
0.284215167881
0.815740232684
0.517206104759
-0.936626726174
-1.6149774645
1.16544249675
0.735566647779
0.813068706667
0.479139796687
1.05471836958
1.12624525592
0.477038855403
0.413822998714
0.627729372683
0.50046238913
0.342038573762
0.18548596313
-0.0817966050644
0.232357348417
0.201711157765
0.415074239294
0.160250216731
0.175552665323
-0.200807940864
-0.225817121201
-0.174829420912
-0.474271468806
-0.391276502147
0.14543671004
-0.11097573889
-0.308053365401
-0.305484974263
-0.638289972911
-0.816399061178
-1.04512383393
-1.07133287741
-0.946120366244
-1.02038990079
-0.831160514043
-0.3875613671
-0.550354257481
-1.0884763948
-0.907786074757
-0.508668013362
-0.56462322854
-0.388392824249
-0.231129008675
0.168295621461
-1.66099198002
-1.41363058262
-0.211915320537
0.229969528916
-0.0365551813466
-0.49823653841
-0.343235883062
-0.456460398807
-0.30541331871
-0.0985645212718
-0.125084299397
-0.252943317518
-0.11648024756
-0.132231777845
-1.00551525367
-0.950477479756
0.0125087321338
0.11846617665
-0.223942756469
0.0245549682601
0.137308899181
-0.239648889588
-0.340314395243
-0.842677147413
-0.349629872659
-0.595308009447
0.0601165242998
0.15612412095
0.00712678352356
-0.289634445151
-0.222979056396
0.151091476791
-0.489380489591
-0.207244429253
-0.119086015132
-0.0946861603674
0.346650632427
0.202348777196
-0.170579935174
-0.251679193162
0.0851033640738
0.10259483521
0.254455141789
0.376069231005
0.240199149081
-0.0502339535419
-0.452637055119
-0.247194664369
0.0603585542075
0.401730791506
0.116818984867
0.343567677215
0.316288529833
0.0972104846074
-0.142902685786
-0.00753249486071
0.23887580382
0.232632091615
0.369544480816
0.727422327865
0.450363147078
0.184725592961
0.604803338997
-0.0472189773904
0.0548619063267
0.35102656842
0.38841257405
0.381263871689
0.460361518571
0.345894660268
-0.0886665781626
0.23284487594
-0.00693620676452
-0.0338809273348
0.112106259342
0.388815026966
0.589272752989
0.534949404594
0.210647149173
0.496337321516
0.462659608732
-0.0287923617432
0.256514623242
0.0914313422928
0.667723433652
0.11082786252
0.308136907392
0.604161258761
0.0276403182696
-0.0770786811489
0.148498348004
0.212842947703
-0.18947496579
-0.120314349692
-0.130383888554
0.176736429017
-0.0898555891271
-0.305857824527
-0.201329109177
-0.504522071227
-0.307898680275
-0.301343415955
-0.412812191823
-0.143042010078
-0.533459668233
-0.613372186916
-0.483289213848
-0.563749423823
-0.356031867481
-0.669020140892
-0.52283898442
-0.249216054613
-0.281937681593
-0.270019092299
-0.29675558666
-0.177084871519
-0.471122461263
-0.0223403085604
0.327671955845
-0.0860839047513
-0.303249870918
-0.232493779799
-0.278902479529
0.180135444993
0.0407556992772
0.247726322617
-0.145951428591
-0.486120651174
-0.251192902079
-0.227645784473
-0.235451130391
-0.079833671032
0.0796140721408
-0.183777379117
-0.178786459816
-0.0555281907964
-0.550288951037
-0.500526360795
-0.2630463262
0.291051593657
0.121258418556
0.0787703746274
-0.168095601272
0.0938858256247
-0.635870565344
-0.485750771446
-0.521127469984
-0.193466256769
0.124938978093
0.0974733870548
0.0547599432276
-0.0239994057322
-0.486833739541
-0.523484177834
-0.758455517002
-0.158613076277
0.101211091945
0.145191004014
0.234996611189
0.0427296490225
-0.580028777755
-0.535897204637
-0.598692741791
-0.0451028459554
0.0241340279412
0.058830675888
0.272146160447
0.303479859517
-0.0442733759803
-0.11913263158
-0.295840084763
-0.324426262133
-0.0804395776268
0.0753950074774
-0.0185459383212
0.284799926273
0.387908358931
-0.0777138820302
-0.238095346782
-0.27563901928
-0.0450028376182
0.288463440534
0.248599846605
0.586305315793
-0.0270910963009
0.131895368445
0.253175920021
-0.370686090904
0.0790981767815
0.341568232491
0.428467393499
0.348735027621
0.242974729806
0.146539859481
0.105189523947
-0.022372588196
-0.14740772777
-0.0620293011808
0.245549152114
0.328168181628
0.122487923658
0.214703824228
0.465056637156
0.767992162382
0.862785686516
0.324463963853
0.531137156846
0.346015467045
0.0545921061556
0.0586628069018
0.718682688776
0.997390687776
0.910266197951
0.545094449709
0.379343907332
-0.032842840313
0.145818779998
0.16249999234
0.0672660579029
-0.135844691913
-0.525946232828
-0.780114724452
-0.611536572601
-1.06830946588
-0.252484703018
-0.143081860743
-0.251463226061
-0.263932898485
-0.144633886366
-0.816947799331
-0.550896827603
-0.421281844382
0.398424767246
-0.23988682864
-0.274320229673
-0.213490007342
-0.721962387445
-0.466940411111
-0.0794356499978
-0.436708604609
0.053158512035
-0.160674935546
-0.111817713416
-0.493453519987
-0.211408104487
0.0375248560406
-0.345028179292
-0.740367699851
0.43686641318
-0.118096672126
-0.614091064681
-0.242946660257
0.0361890829966
-0.1720004976
-0.368904293424
-0.942885411419
-0.000361423480105
0.0378554225145
-0.0659814106962
-0.137931343557
-0.361798196612
-0.0663037793474
-0.171672321167
-0.183634701486
0.0508274175839
0.128197866813
0.358748160352
0.138000879759
0.0144123580738
0.0769275005774
0.0560206393114
-0.261375861491
0.202832402547
0.311971344372
0.291683899366
0.131948887177
-0.315925786633
-0.180703155248
0.0362604554992
-0.222753369767
-0.0464224490638
0.390989257512
0.7364660175
0.0988216408617
0.137065125591
-0.0360777888559
-0.101334381985
-0.744682478948
0.132693436844
0.659248841509
0.531872896787
0.298439641331
0.110696877646
-0.0409216732597
-0.111998486021
-0.809914201912
0.330408208159
0.364998396011
0.404116368531
0.389192547421
0.149311641748
0.302038441702
-0.149875798881
-0.526853152548
-0.211097701832
0.65321606642
0.566083497204
0.379086654504
0.459317758561
0.122231923017
-0.0526683820809
-0.390138743799
0.736432848375
0.15703870139
0.382773681668
0.380814865414
0.11924798717
0.0648038713813
0.151415741852
0.171627561652
0.251739084522
0.621535053006
0.212924301565
0.163086537506
0.544835358866
0.380527936923
-0.00964163568746
0.261970845576
1.19597547315
0.0657504430393
0.10950135505
0.462021031963
0.2058204935
0.183217204238
0.428876932679
0.408312537328
0.462727014398
0.89741288413
0.258451432446
-0.364326593159
-0.54308091343
0.25945518707
-0.103214705679
0.283309437711
0.992583590548
0.285097277254
0.668077439405
-0.117064771398
-0.101873349386
0.00895006122363
-0.559488558587
-0.114827353265
0.146570953397
0.0526465333719
-0.118047451126
0.240048690288
0.25400020091
0.102097472937
0.187322720028
-0.187263187488
0.187014783499
-0.0687133037132
0.351576091287
0.165348291973
0.30611436002
-0.158862153352
-0.151107016212
-0.316467348676
-0.0229084364302
-0.0684244112631
0.0671283797884
0.524607637909
0.212657300055
-0.154164867599
-0.144532023534
-0.490487267452
0.0319688426294
-0.0607547857611
0.000521213985312
0.0920524280176
0.0315712699512
-0.227683055863
0.0871591446769
-1.10952224848
0.146319474693
-0.0528747203544
-0.00576011318692
0.482265149337
0.348089773404
-0.144240789729
-0.127483038885
-1.41475737109
-0.829500792719
-0.25231631075
-0.0306015464556
0.0272247491393
0.275150668917
-0.128605815302
-0.867872926761
-1.14720385224
-0.165031798604
0.0432230867676
-0.327086679413
0.0720954932394
0.279544863498
-0.854377959406
-0.954071898445
-0.604960303184
-0.0952338640689
-0.169254265176
-0.19326142878
0.290839161641
0.0434931917433
-0.766406836221
-0.771130604423
-0.782880955541
-0.0900755087724
-0.362172465624
-0.265130052825
0.0328237723718
0.0208555165048
-0.231493186049
-0.974176124037
0.0138075708299
-0.250103854848
-0.717125551524
-0.404360497855
0.191642951412
0.152927153021
-0.504621331928
-0.569040365182
-0.0957699859844
0.44554064955
0.173485095999
0.207874176654
0.308890653682
-0.0617805847295
-0.228184599125
-0.636471163044
-0.119959238093
0.472036223093
0.236589354181
0.273547023586
0.503313451082
0.397928743622
0.0765283402929
0.0164767675915
-0.74822510526
0.215538347006
0.0643513957017
-0.230951308578
0.278065903719
0.318697499966
-0.21765351305
-0.169202191403
-0.24335000862
0.479377437502
-0.141159400094
0.532138319589
0.162360899995
0.184445436686
0.437573614298
-0.0860203355521
-0.0802939019745
0.224711540988
0.568379234595
0.186501582672
0.0265298563821
0.693481716419
0.341068814691
0.472221211698
-0.00722401864672
-0.203459570247
-0.245218281219
-0.107174935278
-0.13309632979
-0.361083301429
-0.281551886756
-0.324302695475
-0.202477927577
-0.0900616314257
-0.265971089481
-0.275418790012
-0.150345513824
-0.348043954652
-0.512561653278
-0.361401811442
-0.219826336389
-0.221724224309
0.317770978198
0.0467259428188
-0.232262559864
-0.234735325146
-0.337170602906
-0.222326999894
0.132956741207
0.124025399066
-0.11669710877
0.0441979373805
-0.229251993178
-0.183071043368
-0.157629693495
0.357179257906
0.173388283714
0.268184604545
0.37234705814
0.232669723004
-0.197278343093
-0.0509851263318
0.0904343931473
0.186816104905
0.0925336871892
0.26347181104
0.382273763593
0.248695059745
-0.00253285992309
0.309857550641
0.0861701925941
0.677792939014
0.118645183032
0.733760589674
0.358674990026
0.382482854864
0.144174390865
0.205225757392
0.600065213883
0.463026916446
0.526063850416
0.198338741465
0.2573780398
0.787694380325
0.390939260164
0.522471072586
0.561458911605
0.795199102878
0.753550732116
0.0900134355028
0.255624443967
-0.156272859986
0.637800877726
0.610444301852
0.179003641063
0.429118163258
0.418488819509
0.403856444998
-0.201174800648
-0.715199437741
-0.0838495086048
0.232078005704
-0.537454419675
-0.580908404294
0.303105959648
0.292885190227
-0.534285480236
-0.912102041418
-0.206950984812
-0.247747953439
-0.706502265716
-0.319747710312
0.0886393939434
0.450714949195
-0.677362540661
-1.08754081555
-0.384380261757
-0.465298361953
-0.598411488197
-0.664546256796
0.146109826231
0.00627454608745
-0.303794288057
-1.00373559369
-0.738797057885
-0.507810617434
-0.233116578289
-0.371584211221
-0.0480056466698
0.0314239509889
-0.307492275018
-0.816222750469
-0.53141777061
-0.332323005243
-0.166577889747
-0.283353510924
0.0714307564281
-0.0448914747288
-0.346725856231
-0.438964020969
-0.450934616405
-0.071224366799
-0.345155987384
-0.191072686343
-0.402181341768
-0.0135603454053
-0.25814296048
-0.271329760706
-0.301789766196
-0.322071457398
-0.0280415343856
-0.213093748703
-0.222606539288
0.209100451951
-0.182304494174
-0.119431665448
-0.104728665976
-0.176197080715
0.138601477857
-0.849841662368
-0.436486646125
-0.156178585151
0.25867513276
-0.00559272150847
-0.142417220585
0.0757428997519
-0.0491093575268
-0.200609437561
0.180532205558
0.399037610591
-0.322430209379
0.243048281395
-0.0436000462933
0.236002275006
-0.0859485998124
-0.400558655404
-0.0708084998177
-0.0796394029696
0.335370587155
0.0269217725714
0.0564585196707
0.11217534461
0.0331984072491
-0.27585503372
0.406791389927
0.108030645006
0.090137394775
0.0353964414717
0.105363516848
0.186400057318
0.0622603131124
-0.00749430584945
0.376820267574
0.506908263092
0.188473218181
-0.00632786774328
0.0147758617078
-0.0119210140538
0.327125412502
0.0769155636056
0.316411236986
0.548615911866
0.204681543897
0.227904226594
-0.184276622323
-0.0497287143125
0.0706927298755
0.191513081607
0.553968746823
0.460894151542
0.63967585874
0.209009447552
-0.0113747121312
-0.714365295322
-0.0867107445335
0.671516199626
0.877398281051
0.29477433725
0.784666005123
0.408662555753
-0.0933268812918
-0.648124473447
-0.147757362656
0.661069121599
0.264513941705
0.381487855488
0.330329367473
0.163617179158
-0.0856114557401
-0.98110803757
0.215392386624
0.35675890568
0.612024035438
0.292802287696
0.240004666199
0.00152556422945
-0.546959956493
-0.965566741008
-0.0483028236208
0.146734461195
0.810100363759
0.379558473366
-0.211028527611
-0.278894433189
-1.04549210085
-1.15703302321
0.0539338084474
-0.0500302208766
0.55021283793
0.206815083832
-0.299081548622
-0.0516627970404
-1.24318455568
-0.693119703412
-0.350300858577
0.180384172509
0.29959651833
0.343942249965
-0.205407332991
-0.286578994212
-2.01074067487
-0.444762966169
-0.146394648836
-0.0996170180948
0.493254729289
-0.108498913991
0.189442530356
-0.59408949363
-2.02858543943
-1.19191859828
-0.151869891671
0.159370061111
0.033862603652
0.388415834988
0.184710074814
-0.679630088044
-1.61390122628
-1.09188632771
-0.630159575127
0.140833551824
0.229448337572
0.112650613421
0.0191034506952
-0.352807180041
0.285859598193
0.176827108957
-0.0241689089578
-0.130189788062
-0.244775762129
-0.61006944169
0.0988433421232
0.280317953987
0.149257623711
0.18369379385
-0.204854327379
0.0835386193751
-0.446438023055
0.033233550363
-0.118599249546
0.0811076854661
0.409331200293
0.17185000248
0.124795882758
-0.228224382562
-0.151252188507
-0.0133644107278
0.392037505094
0.0843845059492
0.4443053626
0.295757098246
0.0184410325753
0.0834886361869
-0.312206771401
-0.053120252664
0.135092245244
0.460563934138
0.239408736132
0.325761065901
0.209380080755
0.0153418355363
0.154390464364
-0.140274858481
-0.0733317717777
0.132339739272
0.381985280097
0.374833206734
0.400456516186
0.117952516415
0.483008873254
-0.151393812937
0.111507602371
0.045030740139
-0.00452582297076
-0.0733781401086
0.0222872316259
0.332117704037
0.752569336933
0.560473874503
-0.135953927885
-0.423596319304
-0.643360680703
-0.821926805371
0.0849351428774
0.376118021682
1.00573646428
0.653587949629
0.00876982329029
-0.350164103583
-1.24845427544
-0.74057570993
-0.809796768918
0.0387741658442
1.44618836443
0.65198910796
-0.0293595988081
-0.348752885341
-0.501188139475
-0.601989635701
-0.021752772869
0.0978835677137
0.357150572187
0.265515027277
0.253209157239
0.0310845853737
0.12458956891
0.0230103663068
-0.0654657384067
-0.00600649522456
0.0234468641482
0.0412575641679
-0.123684544637
0.122713808582
0.167348128055
-0.0615599052139
0.181529304282
0.0343340246843
-0.287426145249
0.145535590979
-0.142905498894
0.118486425967
0.394388244509
0.00816944803297
0.110712605902
0.0612611666255
-0.366843070206
-0.347128362201
0.135289948751
0.104292139969
0.294100724312
0.437278169148
0.0657898238307
-0.0561888787744
-0.416404453001
0.0526276821305
0.168263352984
0.453112352441
0.23980000669
0.121693829555
0.372297825847
0.0304590500533
-0.306367206363
0.0283773860484
0.597432403709
0.248865130384
0.392332578607
0.691549073591
0.0726188790132
0.0783226430469
-0.445721674258
0.1276256129
0.441578636101
0.918299605871
1.13789373248
1.11426980207
1.25900260625
0.489202451581
-0.0843696575771
0.260177374845
0.437244678619
0.693124654563
0.602998810866
0.628527016738
0.51104742372
0.525209615005
0.293245998528
0.650675722932
0.313225409705
0.488029329395
0.675820302955
0.368255303207
0.798564456062
0.604374790252
0.301868632783
0.52183959163
0.810961875077
0.434102788556
0.746457158697
0.404210055341
0.334055616418
0.403308918299
0.653549156714
0.146603091004
0.0553509259202
0.45526583083
0.201983333494
-0.0190216737178
0.543602398834
0.471597245988
0.495806400754
0.0955826550767
0.365755484444
0.0891567408766
0.117212392068
0.172697399223
0.316468425813
0.601385615408
0.738750152465
-0.132405992502
0.084052818688
0.435910828063
0.262837314874
-0.146143576884
0.30042335115
0.335100536271
0.66600375279
-0.157375344226
0.175942222471
0.473410875507
0.119783387686
0.0899285907422
0.0580082213393
0.177678136693
0.0570285385469
0.170754020601
0.197671671233
0.130690489607
0.0942265226843
-0.0254318688008
-0.304004189926
-0.236104666723
-0.107335121462
-0.282329583049
0.215025876529
-0.0747557878287
-0.0119640023819
-0.0988075136808
-0.408089031563
-0.734591262205
-0.788141595921
-0.0842656678156
-0.020347547344
0.0398938878977
-0.0398724356494
-0.251632561462
-0.494497976347
-1.03507894254
-0.939401001601
-0.345529012794
-0.133727772659
-0.166627641433
-0.414544695443
-0.437182746787
-0.600305827885
-0.775770344166
-0.860986466352
-0.233296601328
-0.257214296719
-0.504655205916
-0.232502810515
-0.192647245618
-0.565906649685
-0.409987577097
-0.907093911848
-0.557091557911
-0.51089078146
-0.253824822281
-0.263951305532
-0.293400649191
-0.995625215365
-0.381003463183
-0.556282714902
-0.114647634322
-0.586934880166
-0.312930180002
-0.297154045021
-0.62758439255
-0.116331639893
-0.7685775818
-0.266112717694
-0.384353465479
-0.561799460161
-0.533777961603
-0.549430238019
-0.46938705574
-0.536472639903
-1.20024864262
-0.503371825828
-0.0641444585607
-0.100456066861
0.633190486721
0.386169104142
0.303051071876
0.361484570802
0.378858301832
0.137787237803
0.0643834485658
0.202004269999
0.548022026479
0.340165438617
0.611112742587
0.258607732245
0.621283042391
0.30040695124
0.224564015773
0.485696840019
0.429597000361
0.546212559128
0.410821804889
0.157103697232
0.54722701715
0.00391821238846
0.502084462989
0.401305393242
0.383076930966
0.38776616619
0.297169232265
0.368001359785
0.0701490431521
-0.0597698953794
-0.00429126601574
0.637824378282
0.512532354465
0.115246395125
0.533473899075
0.0513033160212
-0.0275540462605
-0.60243699076
0.223183574914
0.283054479435
-0.0602017609459
0.629505725888
0.181388399965
0.167977672327
-0.148758163031
-0.228082313744
0.0692835902004
0.0688676268769
-0.0139763818867
0.221340857939
0.109597522751
0.0190052805451
-0.13646785575
0.0495990805915
-0.552059505136
-0.325071682448
-0.0196918397346
-0.119711373669
0.334543452265
-0.394354648692
-0.0936602060375
0.360354328543
-0.51912914699
-0.0451667977283
-0.228306004075
-0.130975029053
-0.361141973847
0.132629597782
0.135307846741
0.206063479169
-0.543399845293
-0.388684360553
-0.175916604919
0.180069368061
-0.0863173347122
0.161228636969
0.250547118452
0.00536214886267
-0.139504998154
-0.389994231647
-0.485381668777
-0.0966060877733
0.104848971925
0.113762245524
0.17973730667
-0.34691079966
-0.197778877586
-0.125147962125
-0.0425989219902
-0.234561086792
-0.108836727714
0.0224010767916
0.155570864719
-0.232194097296
0.0376367447722
-0.364468919037
-0.109399089557
-0.132032907684
-0.0166260984816
-0.141841573312
-0.787440515651
0.37505749544
-0.362686986887
-0.227488312871
-0.217085903532
-0.0826220191053
-0.375268547688
-0.032008961416
-0.0646142453102
0.165607955847
-0.243027171886
-0.185533778241
-0.158274621223
-0.0562725792007
0.0854744541683
-0.5775497671
-0.248682456975
0.187631304574
-0.162651782791
-0.136851414672
-0.204703501773
-0.143908786564
-0.242807052554
-0.286781587379
-0.191090336472
0.0209824196648
0.614078190895
0.0948753907014
0.0131636649736
0.45559101871
0.744541077659
0.471629084562
0.448036841191
0.597710927464
0.223375253779
-0.0851130186018
-0.296894704403
0.0510241074681
0.415652755836
0.35555735019
0.206413728013
-0.0812708012113
0.570267902645
0.635873194104
-0.0576487927333
0.0639040940834
0.322764923855
0.22190585698
0.234213705754
-0.133507580043
-0.10884249201
0.340917897044
0.686058075087
0.1916755715
0.448501246474
0.304194325052
-0.0899962517448
-0.0114375851128
0.393886202798
0.0751960605968
0.142482142656
0.370723478579
0.417848440863
0.349384592841
0.0834027595639
0.329469719313
0.439984353992
0.459563603893
0.1484070839
0.00555045466321
-0.00174628474594
0.163918348461
0.304296744892
0.113100668866
0.768506581267
0.431786691897
0.262818213866
-0.153743508014
-0.200809520408
-0.400325508462
-0.648958538366
0.431067690237
0.706130095399
0.830298681908
0.236600948736
0.0534889227926
-0.558891034222
-0.381062741304
-1.11044032116
-0.978105021479
0.712903743015
0.813484976619
0.585162995736
-0.0653716193425
0.0799482092848
-0.701534898113
-1.27878047625
-1.37191173558
0.245450838642
0.665046692273
0.480323782901
0.165099358117
-0.160256272037
-0.348665502178
-0.929989476872
-1.48013837149
0.566869141448
0.150095154211
0.3169025805
0.0396226949515
0.0280522059121
-0.152891031742
-0.924354204588
-1.89400425287
0.0128357354736
0.0831416470954
-0.169948204948
-0.000773401281546
-0.016403937675
-0.757042259241
-0.607001943574
-1.77397906044
-0.150200369334
-0.414504461407
-0.238717548559
-0.117051019448
-0.101676932114
-0.457439496399
-0.869046860111
-0.910188549973
-0.223932426771
-0.273843116976
-0.173432397121
-0.0905643002529
-0.146524169754
-0.300276400871
-1.05864588744
-1.01795198929
-0.428332537294
-0.23481314566
-0.33368953348
-0.322141007091
-0.0918810386906
-0.128416335092
-0.464961942018
-0.943483275077
-0.229360430064
-0.459316136067
-0.668667164153
-0.278664374843
-0.666979221796
-0.065515529949
-0.41985869104
-1.03842851733
-0.539952030529
-0.160989602841
-0.0191650701193
0.319079235414
0.461767780713
0.340163622669
0.269260306426
0.336228135843
0.0254994002109
0.131262101104
-0.0128710500472
0.179931497343
0.0623158145547
-0.0498862016768
0.200144482853
0.538426121096
-0.448739275978
-0.0906254659566
0.178887605913
0.292578290982
0.106460580815
0.113716190932
-0.0107265119453
0.296610653423
0.332327576286
0.13664389235
0.195112659198
0.132068132261
0.194328964573
-0.0586262599531
0.151417779501
0.359360567533
0.1544933501
0.352466066527
0.394792192047
0.29636523465
0.0114078129613
-0.156054069957
0.161035138967
0.325552411064
0.152813311904
0.559083909558
0.300635534334
-0.0459485005699
-0.218062390874
-0.210463566698
-0.937946263314
-1.00055787937
0.424247921871
0.326640209627
0.225732701362
-0.271576817121
-0.164307955982
-0.37309638258
-0.586750935066
-1.83599516939
0.103187695394
-0.194065728554
0.181723271381
0.232031532007
-0.428992980356
-0.0454396926759
-0.537012945908
0.0577216632641
-1.11125988583
-0.572465037093
0.0880967146856
-0.268743597806
0.205963315274
0.177363052936
0.50486702921
0.92117313364
-1.51938588236
-0.742196120136
-0.738285284317
-0.417995924202
-0.206167946242
0.228847760858
0.793002819747
1.03249900021
-1.3621809169
-0.68281750524
-0.622316816113
-0.57456738418
0.203718925018
0.915271438368
0.696544672069
0.973326500203
0.415423263027
-0.271382164171
-0.128887632172
0.0505780036313
0.398088049165
0.17173829212
0.476677373034
1.07498983039
0.146048921701
0.22655479515
0.0630044408852
0.107118410654
0.237546166699
0.147546778738
0.251386917934
0.0801347888958
0.263019102979
0.31479035461
0.13303041372
0.417494560661
-0.359756178485
0.278108753478
0.0046338324036
-0.0380306640783
-0.157236757835
0.346739175535
0.144254799867
0.098326216718
0.253907283076
-0.338223483533
0.0899672312288
0.131408928323
0.929164086499
0.0686513740417
0.358464562277
0.3788599905
-0.0270831556867
-0.350849687743
-0.345153819121
-0.426797722221
0.315620216835
-0.161204044239
-0.308694222888
-0.570810628162
-0.335706973144
0.329592307736
-0.0204821063551
0.830667374739
0.191452616055
-0.303549885807
-0.0385029237433
0.322122964379
0.259946774964
-0.0412862572098
0.103510977551
0.0611971075325
-0.0855651959581
-0.279742460738
0.271210193233
0.359732649839
0.336564174675
0.103938981274
0.299961479649
-0.141914790359
-0.281489222455
0.00536424260136
-0.00868616188393
0.291192382717
0.429059617301
0.255684857666
0.0227892658693
-0.360734251586
-0.24209067174
0.0786275469099
0.426088436459
0.616902264498
-0.137751969029
0.346017450549
0.358709470789
-0.264117238144
0.094094706334
-0.12966195367
0.221554908394
0.285676017846
0.551583055024
0.225193234973
0.245352304927
-0.151994006343
-0.218541788277
0.237614402212
0.0997843899564
0.206804500514
0.0811587642603
0.169557514095
0.485581095587
0.325401111025
0.00257027666858
-0.2394377594
0.151914324889
0.194010675679
0.20333893124
0.285845226865
0.0242749658661
0.28305159158
-0.0713636059468
0.282688049511
0.131530303492
0.187273915525
0.159879610735
0.323898366472
0.176647390449
-0.0154003886631
-0.408242597891
0.0325213101803
0.441741681219
-0.115964347135
0.248825825288
0.0570516594714
-0.0937253870014
-0.474039472067
-0.613986372858
-0.182027018206
-0.265517933674
0.0494706604609
-0.107499115821
-0.120271621489
-0.187302090044
-0.994520931293
-0.808943353997
-0.422249376828
-0.0722806772238
0.198197547509
0.03231543775
-0.156216096631
-0.241038319174
-0.313822690095
-0.589017424683
-0.283574688328
-0.244634709832
0.00403115279341
0.0673123309542
0.0609748245167
-0.212270438895
0.086346357937
-0.932236728637
-0.550358636872
0.0657967689375
0.210387813642
0.312259834878
0.146677325783
-0.114268951738
0.31671199568
-0.517929004803
-0.222550473145
-0.405323630851
0.154596740361
0.441477932523
-0.0315038103227
0.151192658173
0.543662045342
-0.139547192331
-0.963369832328
-0.550815417513
0.200671452218
-0.209445944393
0.413862822989
0.528554318154
0.607550530114
-0.144794019062
-0.338906149479
-0.637404300826
-0.983669559036
-0.995814730365
-0.357801128263
0.143308360469
-0.215662329325
-0.420725909836
-0.181111375688
-0.641454167898
-0.798548723887
-0.946627609296
-0.346169147311
-0.0466240361289
-0.381327596126
-0.145618335514
0.0558950380257
-0.73481280425
-0.827049614654
-0.712424081077
-0.271677392056
-0.21039292733
0.244169644877
-0.251956746984
-0.107448796483
-0.574758395553
-1.03493986302
-0.335326971511
-0.431773551302
-0.128005363255
0.19894489111
0.124709859248
-0.258089041416
-0.58672244119
-0.877918619231
-0.334425860688
-0.0790005480473
-0.274274183956
0.328602983513
0.386739776028
-0.43999376461
-0.406293137837
-0.73065391069
-0.500309735071
0.0236536468257
-0.0304182117887
0.950819693261
0.753899297367
-0.0642086136522
-0.911672360074
-0.574540486399
0.204699094078
0.101617298062
0.446403723786
0.484780380527
0.420627573702
0.107031215354
-0.576450475773
-0.432317553949
0.214141660017
0.341429402577
0.398673655302
0.271982929845
0.994237604583
0.325677242583
-0.758125758383
-0.0441275040583
0.300017047743
0.799963928415
0.352893360738
0.354966478446
0.808146228485
-0.047411856988
-0.0218444666704
-0.371138657879
0.212747140038
0.5102038038
0.832523658842
0.341971045125
-0.125819556054
0.242000855738
0.336456757473
0.13485273521
-0.0249972169448
0.280174972018
0.60732712105
0.529047396161
0.0280377415204
-0.247613878964
0.221810191491
-0.153076725088
0.329138984343
0.23052533867
0.569712722532
0.230809307868
-0.182813865174
0.157503355945
0.372925085299
-0.173494744429
0.0495576110384
0.592578441943
0.319465103116
0.303884150006
0.111978859073
0.169546776876
-0.122942145325
0.42048354115
-0.0529068923367
0.268428896345
0.667597991331
-0.189979540456
-0.574111505331
0.135569621517
0.0384659074357
-0.0153993385913
0.279731135956
-0.0843442246121
0.318630599739
-0.190444095469
0.10108944177
-0.128376197229
-0.0709172360859
0.573353565526
0.716233198758
0.415334531477
-0.462324235836
-0.0831228404438
-0.243519177858
-0.134352206623
-0.636305845936
-0.602991400091
-0.67350922949
-0.200315783158
0.45409931359
0.407670423715
0.209301881719
-0.220945561911
-0.683639238733
-0.507822364722
-0.954654876423
-0.013479622423
-0.144843247299
0.49023066693
-0.135921418983
0.192806806013
-0.195375312904
-0.93245783735
-0.713890869584
-0.322348941703
0.497710399846
0.877930259424
-0.203845906853
-0.309064021469
-0.137444539748
-1.03864527641
-0.490181256756
0.0105240117593
0.488100879437
0.560646862298
0.318394296705
0.0869494770895
-0.22029967747
-1.13871571444
-0.412922294128
-0.166914716651
0.189387209372
0.713710609111
0.754733058295
-0.113493382924
-0.355483563116
-0.518962569865
-0.459308315317
0.0670475336756
0.159964894007
0.646355926083
0.804531616545
0.246159785393
-0.34824925825
-0.463427843168
-0.498569565389
-0.263119687994
0.469584265097
0.320968460239
0.450548491692
-0.0746160373863
-0.0446655507286
-0.391088963679
-0.679016070424
0.177519640897
0.186820232914
0.161387626296
0.0537872131774
-0.396876010279
0.0553603533567
0.0593864687265
-0.317733469469
-0.269529706453
-0.120055088552
0.0491611454229
-0.0634535102725
0.203172510632
-0.090624866983
0.277642578416
0.0911375226382
-0.165874837708
-0.0290331875763
-0.347484015404
-0.336667302802
-0.23188659469
0.303670523317
0.468526434342
0.0485067718327
0.168384574227
0.129402382683
-0.248168610225
-0.615451814982
0.156019757047
0.211772221915
0.376773994259
0.305632791245
0.16906857028
-0.19150540875
-0.216515145565
-0.575441736765
-0.165841817938
0.197195566224
0.0910676214625
0.0305459030305
0.245066705975
0.131959421723
-0.45231005703
0.232244444284
-0.286014147999
0.0423912785134
0.349918260556
0.0376820666474
0.151555310474
0.315435114674
-0.45519573123
-0.40219590646
-0.224940583524
0.0876696085314
0.15339910345
0.345717527364
-0.0477060006487
0.0306323268494
0.184840843032
-0.674801668685
-0.295566943943
-0.246349611847
0.037134746811
0.57524103459
-0.267324397529
-0.100404411234
-0.351860569551
-0.0880016556032
-0.125706101033
-0.150912625734
-0.197713698637
-0.19029568567
-0.211593560523
-0.177597312654
-0.241798884693
0.0517875400008
-0.19559333481
-0.176302000194
-0.172095242601
-0.159096235303
-0.197314822262
-0.193474149114
-0.218816136252
-0.118551884057
-0.334406360278
-0.335984438292
-0.369056194949
-0.32760029072
-0.141845670689
-0.343381813143
-0.177751861258
0.0226457423478
-0.596723128785
-0.266741492653
-0.35491546399
-0.365213188161
-0.593408789978
-0.390148610252
0.206344179746
-0.0490245286219
-0.875606770784
-0.318620355822
-0.323831770441
-1.13009641411
-0.61161925455
-0.448253561168
0.424832225999
0.0939299440695
-0.683754247246
-0.665563092851
-0.574261399843
-0.353857950059
-0.926087418595
-0.313779384662
0.970196207925
0.229202553921
-0.905279353445
-0.431262089335
-0.278278601793
-0.177208154402
-0.704396424366
0.128245106947
1.62107808752
0.521398501024
-0.407110616994
-0.11445634164
0.454519509937
0.372785955353
-0.46170738883
-0.304309734722
1.16052930229
0.16533568683
0.109997913295
0.42887961245
0.548510176072
0.547397352927
0.36086024433
0.0432666414952
0.225695990696
0.405094205836
-0.0311964962752
0.495614565638
0.734024133967
0.22951579103
0.2869582817
0.0241992834998
-0.0102806502801
-0.353505947858
0.123328777428
0.487667055226
0.450559044263
-0.0633968955525
0.193759558782
0.159365067943
-0.122011633143
-0.114225773858
0.204317879444
-0.172720987089
-0.139174104788
-0.233394999067
0.161049763384
0.341793556946
0.0762102220988
-0.247537107136
0.214124946974
0.0985898804708
-0.0628755701168
-0.0143510142745
-0.251430713935
0.0329375269986
-0.476836091379
-0.142037774008
0.278284135443
-0.275546544731
-0.425738736886
-0.376627818355
-0.249840066416
-0.282050004951
-0.500636903402
0.150520267919
-0.111973858542
-0.29776597892
-0.285313299305
-0.24853296386
-0.233569635854
-0.213523168069
-0.181414699339
-0.162479448498
-0.168582126417
-0.18232501597
-0.172431033807
-0.174468344448
-0.164429163738
-0.168097442188
-0.0821479800029
-0.0527101915054
-0.152727169398
-0.250614027312
-0.322991233994
-0.184438818481
-0.21951593311
-0.100951514794
0.0317868629061
0.394192630614
-0.404252030615
-0.274312878558
-0.0737295854026
-0.00519618697407
-0.0556075454735
-0.0890728794652
-0.191889032006
0.284055765312
0.107959659925
-0.138930746706
-0.237843716232
0.0299238855448
0.214323732608
-0.0672680253938
0.207239185378
0.427303595438
0.381624384714
0.211736869825
0.142499755318
-0.288006073028
0.253563299987
0.430460651028
-0.345670213459
0.298590213011
0.325191879186
0.0013898358414
0.0374408905263
0.0246198258313
0.0684366571897
0.701559709742
-0.189382343524
0.14447828282
0.435708995026
0.0698713562204
-0.0134729036155
0.280626584762
0.0143127847417
0.0546110072596
-0.548886394844
-0.287655178779
0.251696920136
0.253755674981
0.457537307759
0.235031254148
0.244295731763
-0.146330379035
-0.861073069059
-1.29924622798
-0.0798281925078
0.781847720586
0.439292311764
0.228968782044
0.108011218245
-0.270320326399
-0.33509305
-1.3312795449
-0.23623332213
0.24151234216
0.73454677304
0.371640849571
0.406074918415
-0.055652023264
-0.579314350938
-0.63901841561
-0.0571807816636
0.210161492607
0.37300034193
0.375833467205
0.281593520496
0.133042755961
-0.155603512625
0.38307278563
-0.0754284967043
-0.30643263151
-0.165369204259
-0.233989683166
-0.0301931593425
-0.110448554149
0.487445958614
0.264492594251
-0.152524426303
-0.291267141148
-0.624013182895
-0.0800532531927
0.00772895075753
0.169905238061
-0.196614664292
0.58757951804
-0.120626206408
-0.356702035049
-0.207435365298
-0.649316787201
-0.351794300104
-0.220888319162
0.0445622501178
-0.0603151716382
-0.0500748971255
-0.250006890156
-0.0315725638209
-0.499223467966
-0.0461587348934
-0.0658954562079
0.152961118869
-0.2789842059
-0.202652948944
-0.347977264607
-0.153760151915
-0.281955861491
-0.310560690567
-0.126805232191
0.413224687921
-0.176521851846
-0.0310578165771
-0.265645088523
-0.155894079991
-0.493960925277
-0.647496525967
-0.0906086971307
-0.328955487175
0.662380537521
0.182003147996
-0.0946728000801
-0.245487650683
-0.460640246131
-0.060844338117
0.492961814229
0.198509747131
0.646554535571
0.756324822637
0.502247534172
0.137558494329
0.251182958322
0.0833263240811
0.235485123997
0.495153465067
0.389916063881
0.390277857446
0.492223597202
0.163558400605
-0.0089892835821
0.425537282801
0.357870795828
0.175006515198
0.715338308884
0.323178340051
0.288056482206
0.844919423616
0.552248064264
0.350069652858
0.0882157701731
0.579604835931
0.374420786628
0.443391495179
0.302044208833
0.327767869243
0.547916270922
0.728560439597
0.501389777469
0.16829486374
0.4651474797
0.0927220284382
0.609427837552
0.214418590803
0.465553789682
0.595903063566
0.593270582835
0.324379192037
-0.308096107596
-0.269862825961
0.066157992177
0.0474297589378
0.481872896903
0.777294754048
0.840606259032
0.58968165367
-1.26690464321
-0.249042894277
-0.215729945413
0.353196156027
0.405227067274
0.128167032436
0.307163239509
0.184559941585
-1.61269113696
-0.840154591237
-0.367104345996
-0.390573673926
0.00610702695105
0.636428173709
-0.0912678935066
0.070684261488
-0.802568721233
-1.19194059176
-0.204229360793
-0.0695616652514
-0.153847260086
-0.235589421211
0.445102550573
0.380447838016
0.124344893274
-0.117223312103
-0.045161288834
-0.496862267875
-0.431924642796
-0.459867447984
0.109509942602
-0.0355431034865
0.0326640210824
-0.251649604699
-0.177698458983
-0.235741005106
-0.0309134343204
-0.14042892666
-0.273311862978
-0.0125985564315
0.199897283057
0.062188018267
-0.393816948296
-0.152145566804
-0.323881897677
-0.382564650882
-0.0774070610689
-0.128164684016
0.0836364742541
-0.131264093821
0.104039796457
-0.179386780698
-0.192672200037
-0.12537454186
-0.200790989873
-0.302325556552
0.131035286118
0.0104095998206
-0.267972667498
0.0946286852821
0.00219328501108
-0.406482920914
-0.243485527153
-0.417351299807
0.174766699421
0.0664504674223
0.467996730057
0.159374006676
0.13579248537
-0.194991821813
0.0600013479312
-0.0589213546974
-0.0655416353527
0.137315648023
-0.126086854681
-0.1162536106
-0.102036836657
-0.606423002737
-1.0269240528
-0.516836357456
0.543417959869
0.182600839397
0.114109215668
-0.238113936619
-0.0871480733875
0.230570042856
-0.0984672673634
-0.454002865119
-0.179034544016
0.198957247265
0.16523739631
0.126635663776
0.246564838081
0.114749106667
0.0717381658453
-0.357078813736
0.194802611665
0.212257932834
0.0503208988059
-0.0667973008623
0.143620075574
-0.0925967215973
-0.0179397230944
-0.196915528273
0.227661363072
0.319574841885
0.30240009545
0.23962685981
0.0982136196878
0.0597617464575
0.0827143350596
-0.0849408960834
0.0541422987845
0.060044905025
-0.129441806403
0.171788680749
0.0186805808963
0.268550279384
0.192651382828
-0.0698978206896
-0.320370489683
-0.165058945669
-0.289016094405
0.363901638768
0.575107777403
0.705218000049
0.163886692401
0.0569680718533
-0.421512572298
-0.166711187358
0.159187230035
0.230265959857
0.285722971153
0.475585701037
0.0823952673446
-0.187255179354
-0.605403271138
-0.121336617068
0.386148643931
0.188948831626
0.0446998143621
0.0512982320441
-0.0435213306483
-0.451345500747
-0.786727947054
-0.129642951539
0.0636874934341
-0.0464607320245
0.143244459272
-0.100548742586
0.0145400947157
0.140189531209
-0.295906325359
0.393707269795
0.0847498359084
0.437507691556
-0.0356507304189
0.0117861674035
-0.0357354964346
0.256828438846
-0.332719341502
0.0533872949132
0.250325064607
0.110711466898
0.100605748859
-0.342420732375
0.292131709399
0.204700558737
0.188321572566
-0.104937840281
-0.160444307219
-0.0220572093116
-0.0352898824658
0.300699450635
0.236115473582
0.456151794438
-0.122853787701
-0.0920700402236
0.0871787284237
0.00256304711384
0.0734528383576
0.244439742251
0.288331878853
-0.0604161979441
0.176744471123
0.0236769173311
0.0227581666972
-0.267913362524
-0.340984542831
-0.137714516167
-0.413170246255
0.117409759519
-0.095995490099
-0.0675048009884
-0.170202141385
0.0760641800055
0.177208550956
-0.267559331309
-0.480367291339
0.454908071173
-2.56869742421
-1.60195090428
1.47498789732
-1.70106279113
-1.33860953542
-1.44183873181
-2.14512018872
0.924386226702
2.24805690705
-0.333660971321
0.552730363346
1.48636980352
0.503672452
-0.64645598001
-0.647552232099
0.328480097547
-0.63001500068
1.9155502398
-1.55908621783
0.852285581114
-0.547790096203
-0.926083087019
0.903384129163
-0.92777236251
-1.68973801501
0.603878756078
2.473015705
1.40310681268
-0.622510656603
-0.74940200965
-1.53486788088
-0.460765866588
-0.925076548734
-0.613285936913
-0.231292462725
-0.068835827036
-0.625581878129
-0.351187551723
1.5225627476
-1.1265311509
0.997592822338
-0.623072998206
-0.0952060865448
2.16021699504
-0.636224160984
-0.460106930186
-1.15139747168
-0.197936654971
-0.34341130286
-0.272989994683
-0.596294913939
-0.418086364114
2.09335902693
-0.841569347516
1.87527295202
-0.781106781533
1.36775614946
-0.67207190069
-1.22155983076
-0.622039160343
3.94183764322
-0.174396218721
-0.69168690457
2.63639806761
-0.834984332148
1.97832139908
-1.24852013821
-1.03810368089
-0.168568971404
-0.937488102053
-0.596414972891
-0.649828229886
-1.26727088995
-0.266534004475
-0.364091121026
-0.262529603339
-0.511036664903
-0.587884710742
1.23518868282
-0.605791882344
-0.723074418422
1.50213093637
1.94567381507
-0.637372243039
-0.948117397657
-0.484044864007
2.93003942337
-0.100083656087
-0.480349659928
-0.575858705876
-0.79460091107
2.0971087445
-1.13073962284
-0.584995619472
-0.207126092907
-0.568176328097
-0.58321643889
-0.688087971305
-0.836025284012
-0.193244010438
-0.247486688445
-0.33987185584
-0.775112266345
-0.718528848811
-2.49800547073
-1.80408131325
0.246327051866
-0.399683324677
-1.46862544593
0.689361434222
-1.00871263268
0.149412728905
0.862395339687
1.67893464248
0.978358305056
2.37082016419
0.0401920604542
0.141942843413
-2.51202790803
-0.199776660022
-0.726611149572
-0.168675267939
-0.281081152202
1.67659071738
-0.91978294224
2.50934521476
-1.18844356438
-1.09158144998
-1.95500110287
0.166798478479
1.54473795877
-0.542489854206
-0.459681502685
-0.581142320565
-1.27228617897
2.42928064124
-1.15747006121
-0.489766111577
3.73104521731
-0.037748015896
-0.440618137459
-0.341174236337
1.40408808894
-0.828295398975
-0.888563543909
-0.6829378424
-0.149591732468
-0.565988153947
1.68165341925
2.17255530319
1.77740660567
-0.231245517034
-0.280855162208
-0.303042316326
-0.901691828855
-0.423431247197
-1.2014093149
-0.660092015216
-0.55838725088
1.17132591225
-1.5017481188
-0.540212690295
0.983901995392
-0.751995094499
2.15587623811
-0.124180735056
-0.46431690685
-0.607337638178
-0.701740252156
3.34934919731
1.2289464584
-0.764209232925
-0.199123174081
-0.488041023749
-1.08994689508
-0.715766005172
1.5543234942
-0.260709292082
-0.36956019495
-0.299782909375
-0.914635849221
-0.784613428505
-1.32561291784
-0.758817812868
2.08751703282
-0.597027856533
-1.42793752791
-0.610951352406
1.10355881046
-0.342266159923
-0.276706299805
-0.0540822414233
-0.540193234506
-0.363618552775
-0.682677432981
-1.06071244151
-1.15921010061
2.75018578436
-0.129411662651
-0.972147609258
1.96413352551
2.0252290731
-0.895294869314
-0.237042254338
-0.210950993077
-0.314542930598
-1.0065984305
-0.550009161421
-1.26493130061
1.28537469851
1.42499484952
1.72691888341
-1.561083818
2.80860373292
0.597962820343
1.73351030042
2.62094661192
-0.0964771632125
2.7110561342
4.32310876461
0.754997373522
2.3550332418
0.798881848385
-0.869253330147
-0.271527558539
3.45214723447
-0.870638196166
3.87254681566
1.35395765357
2.63428977429
-0.435208361287
2.8815793693
-1.05122212333
2.63255506543
-0.285718677082
-0.204819515519
-0.132007584482
-0.190009898845
1.86985877093
-0.142593208518
-0.26431617405
-0.0634091288497
-0.0534041827817
-0.0105263911595
-0.0645991233667
-0.047795144126
-0.171494487709
-0.377214972814
2.25292947795
-0.169917806872
-0.0184073019055
-0.101458592617
-0.124951253746
-0.111270141548
-0.212514407891
-0.0228306767027
-0.0470035263498
-0.0920668534798
-0.112611064824
-0.110606456918
1.04861460053
-0.820353413009
1.96522539723
-0.918742124281
0.492277609453
-0.474232430189
-1.23675110891
-0.506555676404
-0.384542863421
-0.0772013583486
-0.781038825672
-0.420259111792
-0.854001706375
-1.21970978266
0.965845568849
-0.727228466545
-0.177922728113
1.84514133874
-0.785165869231
-0.674029849866
-0.994796475519
-0.414405549623
-0.314387212388
-0.353966571154
-0.783992743238
-0.639249323476
3.16046015925
2.6798020611
2.27907939735
-0.858844327568
0.262331231826
-0.658473148562
0.633542952637
-0.543621029611
3.83717787016
-0.157472917253
-0.815835483482
3.20176243206
-0.716672687185
-0.990121681521
1.35597599431
1.55643951508
-0.19417867744
-0.688903551293
1.74017153698
-0.690651929696
2.77345488668
-0.247604769877
2.47709732639
-0.437603179882
1.9351545027
2.15612358692
-1.52561804969
-0.664653755548
-0.83618759102
-0.687432360234
0.422765119698
-0.534729451478
-1.49243860346
-0.795589088707
-0.360351783902
-0.0604641840481
-0.726690356332
-0.502116464179
0.679459977893
-1.37039103494
1.30271171087
-0.943706616769
-0.248973042911
1.74832630301
-0.774597058647
-0.760528297487
0.726027957082
-0.439933012103
-0.852950901166
-0.522620305123
0.971299421001
-0.665509454336
1.06339046937
-1.29504615333
-1.55245120974
-1.49643238895
0.551482650324
-1.10103191016
-1.9803140803
-1.27285260958
4.08179799853
-0.356303735618
0.576355247591
1.21002831871
-1.6259613617
0.155860378414
1.39077066926
-1.78931613376
-0.469003745676
0.553771788309
-1.40223523074
-1.25926290991
1.21182340765
-0.720758520855
-1.10326692668
-0.916689622882
-1.45875882252
-1.20934333991
-1.99350923588
0.374388843566
1.49117214143
0.607109590581
-0.884241340017
1.38496574181
-0.355911243228
0.460078636503
2.31264456948
-0.21879779164
-1.17773756505
1.87043949153
-1.64627056437
0.393821523625
-0.574126459324
0.387461426804
-0.630677014442
1.84725637277
-1.4196861411
-1.18421006313
-1.8452730597
-0.824071414854
1.33223701464
-0.701051176054
-1.78665764216
-0.908307787937
0.560784534289
-0.631215113063
-0.583679783771
-0.947368710793
-1.68325978754
-0.79344040834
-1.1925305814
-0.596480147773
-0.508559200639
-0.0757764039933
-0.581848368535
-0.454891239602
2.40952144699
-1.51339666056
0.58046910613
0.987482066091
-0.306603885994
-0.915359372999
-1.21881562641
-0.645234213386
-1.02558132134
-0.322216956313
-0.432170913093
2.41336701582
-1.2922291728
-0.679959866506
-0.668261086708
-0.328564948299
-0.376347418343
-0.558989278362
0.830086999143
-0.415827416844
-0.780893054101
-0.253958077444
-0.16282763726
-0.0214173078142
-0.223072046407
-0.259256621139
-0.357053061695
1.83574319552
-0.515314660062
-0.337995101646
-0.126961822926
-0.360676828291
2.29785831527
-0.510032003399
-0.471741943726
-0.143044106463
-0.131302063643
-0.184127193735
-0.564867644831
-0.381574268719
1.80402149037
1.38032460834
-0.898365671372
-1.21526864741
1.52909538643
-0.821067954027
0.523353677115
-0.639372605182
-0.60326737218
-0.163009088799
-0.807889199676
-0.56195941655
-1.26031652864
-1.35471785531
2.01320383373
2.195378068
-0.3459055536
1.40039924476
-1.22629336314
1.58316097734
1.60487458589
-0.317890045986
-0.407217569926
-0.435087295568
-0.979448306739
-0.688881688182
-0.893965409293
-0.523306576953
-0.522472035784
-0.642300701703
2.06014932098
-0.339808998876
-0.811483694484
-0.477058881902
4.23567716187
-0.0767684228291
-0.429007787966
-0.451673133971
-0.551320565042
2.79530394562
-0.865367244681
-0.403391254443
-0.134769947803
-0.458965046883
1.92682841791
-0.402649015695
2.6756767496
-0.162771804854
-0.322508132003
-0.214391086695
-0.494613928431
-0.356720638296
3.20569361884
-0.823717133324
2.99750245575
-0.671206219255
1.63353909332
-0.426629286757
-1.12217698951
2.41544136013
3.38084149424
-0.0652013965705
-0.47671911602
-0.365686235199
-0.573272752751
3.25175430679
-0.862495503371
-0.735365663694
-0.106193493058
2.28465846023
2.62075145227
1.98159933469
-0.760466505417
-0.166494053406
-0.277530909172
-0.321899275897
-0.647897773198
-0.58791196608
-1.89561973642
0.602966577148
-1.37106878929
0.0457149861882
-2.45138713142
1.31117001993
-2.44049100372
-0.943495863518
-0.830784094092
2.60148983873
-0.842326069003
-0.839460654051
-1.33446221565
0.44909322646
0.801436324613
-1.20242736427
3.88651304478
-1.07647943831
-1.61716019024
-1.1707143645
-1.8084522117
1.79239362956
-0.84175528537
-0.610675025509
-1.28339215653
-0.892994451315
-0.84664510915
-0.39867689386
-0.462510146144
-0.655149548368
1.09745678035
-0.242704511139
-0.907096539332
-0.252899028587
3.01430812248
-0.154886167993
-0.315309053401
-0.217847610575
-0.429932995441
1.65060795815
1.66751229274
-0.38384371823
-0.145105525321
-0.326173837185
-0.54564823976
-0.392342651454
1.25819037775
3.92904157814
-0.180386868269
-0.265240829364
-0.385258848783
-0.258670590841
-0.970766268116
-0.498929266715
-0.348179271446
-0.405413872156
-1.18476033903
-0.276247649036
-0.99207572052
-0.215320389969
-0.207946750152
-0.0304143640478
-0.301971225536
-0.25582398701
-0.574284750562
1.46091912659
2.00458264769
-0.280912567742
-0.0839741211838
-0.453057903963
-0.373773934229
-0.34428495409
-0.821931739663
-0.124159003986
-0.250515298679
-0.151764649466
-0.417703485307
-0.280583405388
2.56977670933
-0.192719320941
-0.3717241021
-0.279067127869
2.41966022516
-0.143907261546
-0.522508882144
-0.147382294925
-0.119538188282
-0.00844516273387
-0.233496492174
-0.13150050479
-0.224877654587
-0.399127885666
-0.337209262061
-0.255289709838
-0.0462138221088
-0.189014087786
-0.263088603957
-0.228795236326
-0.27765275341
-0.0749909176852
-0.0619092770189
-0.133558156167
-0.341937158706
-0.279959893992
-1.07163764737
-0.447682564862
-0.470629573401
-0.797278951971
-1.32013114894
-0.393002787732
-1.05257886959
2.50681722003
-0.35642079419
-0.0376597681703
-0.350546761539
5.11124664024
-0.58615555003
-1.46104922141
-0.873970611757
-0.37787232419
-0.118659497347
-0.316106423397
-0.727207139296
2.67841241068
-0.742458055878
-0.230629972687
-0.197957136933
-0.281011769292
-0.945830081259
-0.764039286354
-0.86526144433
-0.476208435156
-0.37254288199
-0.472949871884
-0.984159381163
-0.228353620054
-0.824130811025
-0.34309083864
5.14328316238
-0.0302156107859
-0.335827479227
-0.32024833334
-0.596548846728
-0.731564108732
-0.73400274747
-0.400565606875
-0.0889707566417
-0.391230225642
-0.463513073413
-0.328837249948
2.65775417442
-0.139549807903
-0.294766499202
-0.215559851547
-0.521364454762
4.09505697388
