0.0
0.0
0.0
0.0
0.0
0.0
0.0
0.0
-0.0185480478526
0.0
0.0
0.0
0.0
0.0
0.0
0.0
-0.0185480478526
0.0
0.0
0.0
0.0
0.0
0.0
0.0
-0.0185480478526
0.988313641908
0.988313641908
0.969765594055
0.969765594055
0.988313641908
0.988313641908
0.0
0.969765594055
0.988313641908
0.0
-0.027258803779
-0.027258803779
0.0
0.988313641908
0.988313641908
-0.0185480478526
-0.00871075592648
-0.027258803779
-0.027258803779
-0.00871075592648
0.0
0.0
0.988313641908
-0.0185480478526
-0.00871075592648
-0.0185480478526
-0.00871075592648
-0.00871075592648
0.0
0.0
0.988313641908
-0.027258803779
-0.027258803779
0.961054838129
0.979602885981
0.988313641908
0.988313641908
0.988313641908
0.988313641908
-0.027258803779
0.961054838129
0.988313641908
0.0
0.0
0.0
0.988313641908
0.988313641908
0.961054838129
0.969765594055
-0.0185480478526
-0.0185480478526
0.0
0.0
0.0
0.988313641908
0.979602885981
-0.027258803779
-0.00871075592648
-0.0185480478526
-0.027258803779
-0.00871075592648
-0.00871075592648
-0.00871075592648
0.988313641908
-0.0185480478526
-0.00871075592648
-0.00871075592648
-0.027258803779
-0.0185480478526
-0.0185480478526
0.0
0.988313641908
0.969765594055
0.969765594055
0.988313641908
0.988313641908
0.988313641908
0.969765594055
0.969765594055
0.0
0.0
-0.0185480478526
0.0
0.0
0.0
0.0
-0.0185480478526
0.0
0.0
-0.0185480478526
0.0
0.0
0.0
0.0
0.0
0.0
0.0
0.0
0.0
0.0
0.0
0.0
0.0
0.0
0.0
0.0
0.0
0.0
0.0
0.0
0.0
-0.00516106925379
0.0
0.0
0.0
0.0
0.0
0.0
0.0
-0.00516106925379
0.0
0.0
0.0
0.0
0.0
0.0
0.0
-0.00516106925379
-0.0440126523172
-0.0440126523172
-0.0491737215709
-0.0491737215709
-0.0440126523172
-0.0440126523172
0.0
-0.0491737215709
-0.0440126523172
0.0
-0.00669765407999
-0.00669765407999
0.0
-0.0440126523172
-0.0440126523172
-0.00516106925379
-0.00153658482619
-0.00669765407999
-0.00669765407999
-0.00153658482619
0.0
0.0
-0.0440126523172
-0.00516106925379
-0.00153658482619
-0.00516106925379
-0.00153658482619
-0.00153658482619
0.0
0.0
-0.0440126523172
-0.00669765407999
-0.00669765407999
-0.0507103063971
-0.0455492371433
-0.0440126523172
-0.0440126523172
-0.0440126523172
-0.0440126523172
-0.00669765407999
-0.0507103063971
-0.0440126523172
0.0
0.0
0.0
-0.0440126523172
-0.0440126523172
-0.0507103063971
-0.0491737215709
-0.00516106925379
-0.00516106925379
0.0
0.0
0.0
-0.0440126523172
-0.0455492371433
-0.00669765407999
-0.00153658482619
-0.00516106925379
-0.00669765407999
-0.00153658482619
-0.00153658482619
-0.00153658482619
-0.0440126523172
-0.00516106925379
-0.00153658482619
-0.00153658482619
-0.00669765407999
-0.00516106925379
-0.00516106925379
0.0
-0.0440126523172
-0.0491737215709
-0.0491737215709
-0.0440126523172
-0.0440126523172
-0.0440126523172
-0.0491737215709
-0.0491737215709
0.0
0.0
-0.00516106925379
0.0
0.0
0.0
0.0
-0.00516106925379
0.0
0.0
-0.00516106925379
0.0
0.0
0.0
0.0
0.0
0.0
0.0
0.0
0.0
0.0
0.0
0.0
0.0
0.0
0.0
0.0
0.0
0.0
0.0
0.0
0.0
-0.00328160801131
0.0
0.0
0.0
0.0
0.0
0.0
0.0
-0.00328160801131
0.0
0.0
0.0
0.0
0.0
0.0
0.0
-0.00328160801131
-0.0108044627583
-0.0108044627583
-0.0140860707697
-0.0140860707697
-0.0108044627583
-0.0108044627583
0.0
-0.0140860707697
-0.0108044627583
0.0
-0.0178527509983
-0.0178527509983
0.0
-0.0108044627583
-0.0108044627583
-0.00328160801131
-0.014571142987
-0.0178527509983
-0.0178527509983
-0.014571142987
0.0
0.0
-0.0108044627583
-0.00328160801131
-0.014571142987
-0.00328160801131
-0.014571142987
-0.014571142987
0.0
0.0
-0.0108044627583
-0.0178527509983
-0.0178527509983
-0.0286572137567
-0.0253756057453
-0.0108044627583
-0.0108044627583
-0.0108044627583
-0.0108044627583
-0.0178527509983
-0.0286572137567
-0.0108044627583
0.0
0.0
0.0
-0.0108044627583
-0.0108044627583
-0.0286572137567
-0.0140860707697
-0.00328160801131
-0.00328160801131
0.0
0.0
0.0
-0.0108044627583
-0.0253756057453
-0.0178527509983
-0.014571142987
-0.00328160801131
-0.0178527509983
-0.014571142987
-0.014571142987
-0.014571142987
-0.0108044627583
-0.00328160801131
-0.014571142987
-0.014571142987
-0.0178527509983
-0.00328160801131
-0.00328160801131
0.0
-0.0108044627583
-0.0140860707697
-0.0140860707697
-0.0108044627583
-0.0108044627583
-0.0108044627583
-0.0140860707697
-0.0140860707697
0.0
0.0
-0.00328160801131
0.0
0.0
0.0
0.0
-0.00328160801131
0.0
0.0
-0.00328160801131
0.0
0.0
0.0
0.0
0.0
0.0
0.0
0.0
0.0
0.0
0.0
0.0
0.0
0.0
0.0
0.0
0.0
0.0
0.0
0.0
0.0
-0.0568944653022
0.0
0.0
0.0
0.0
0.0
0.0
0.0
-0.0568944653022
0.0
0.0
0.0
0.0
0.0
0.0
0.0
-0.0568944653022
-0.000917990370905
-0.000917990370905
-0.0578124556731
-0.0578124556731
-0.000917990370905
-0.000917990370905
0.0
-0.0578124556731
-0.000917990370905
0.0
-0.229872271576
-0.229872271576
0.0
-0.000917990370905
-0.000917990370905
-0.0568944653022
-0.172977806274
-0.229872271576
-0.229872271576
-0.172977806274
0.0
0.0
-0.000917990370905
-0.0568944653022
-0.172977806274
-0.0568944653022
-0.172977806274
-0.172977806274
0.0
0.0
-0.000917990370905
-0.229872271576
-0.229872271576
-0.230790261947
-0.173895796645
-0.000917990370905
-0.000917990370905
-0.000917990370905
-0.000917990370905
-0.229872271576
-0.230790261947
-0.000917990370905
0.0
0.0
0.0
-0.000917990370905
-0.000917990370905
-0.230790261947
-0.0578124556731
-0.0568944653022
-0.0568944653022
0.0
0.0
0.0
-0.000917990370905
-0.173895796645
-0.229872271576
-0.172977806274
-0.0568944653022
-0.229872271576
-0.172977806274
-0.172977806274
-0.172977806274
-0.000917990370905
-0.0568944653022
-0.172977806274
-0.172977806274
-0.229872271576
-0.0568944653022
-0.0568944653022
0.0
-0.000917990370905
-0.0578124556731
-0.0578124556731
-0.000917990370905
-0.000917990370905
-0.000917990370905
-0.0578124556731
-0.0578124556731
0.0
0.0
-0.0568944653022
0.0
0.0
0.0
0.0
-0.0568944653022
0.0
0.0
-0.0568944653022
0.0
0.0
0.0
0.0
0.0
0.0
0.0
0.0
0.0
0.0
0.0
0.0
0.0
0.0
0.0
0.0
0.0
0.0
0.0
0.0
0.0
-0.00258343453263
0.0
0.0
0.0
0.0
0.0
0.0
0.0
-0.00258343453263
0.0
0.0
0.0
0.0
0.0
0.0
0.0
-0.00258343453263
-0.00106920368907
-0.00106920368907
-0.0036526382217
-0.0036526382217
-0.00106920368907
-0.00106920368907
0.0
-0.0036526382217
-0.00106920368907
0.0
0.984241211039
0.984241211039
0.0
-0.00106920368907
-0.00106920368907
-0.00258343453263
0.986824645572
0.984241211039
0.984241211039
0.986824645572
0.0
0.0
-0.00106920368907
-0.00258343453263
0.986824645572
-0.00258343453263
0.986824645572
0.986824645572
0.0
0.0
-0.00106920368907
0.984241211039
0.984241211039
0.98317200735
0.985755441882
-0.00106920368907
-0.00106920368907
-0.00106920368907
-0.00106920368907
0.984241211039
0.98317200735
-0.00106920368907
0.0
0.0
0.0
-0.00106920368907
-0.00106920368907
0.98317200735
-0.0036526382217
-0.00258343453263
-0.00258343453263
0.0
0.0
0.0
-0.00106920368907
0.985755441882
0.984241211039
0.986824645572
-0.00258343453263
0.984241211039
0.986824645572
0.986824645572
0.986824645572
-0.00106920368907
-0.00258343453263
0.986824645572
0.986824645572
0.984241211039
-0.00258343453263
-0.00258343453263
0.0
-0.00106920368907
-0.0036526382217
-0.0036526382217
-0.00106920368907
-0.00106920368907
-0.00106920368907
-0.0036526382217
-0.0036526382217
0.0
0.0
-0.00258343453263
0.0
0.0
0.0
0.0
-0.00258343453263
0.0
0.0
-0.00258343453263
0.0
0.0
0.0
0.0
0.0
0.0
0.0
0.0
0.0
0.0
0.0
0.0
0.0
0.0
0.0
0.0
0.0
0.0
0.0
0.0
0.0
-0.26777032674
0.0
0.0
0.0
0.0
0.0
0.0
0.0
-0.26777032674
0.0
0.0
0.0
0.0
0.0
0.0
0.0
-0.26777032674
-0.0207399918941
-0.0207399918941
-0.288510318634
-0.288510318634
-0.0207399918941
-0.0207399918941
0.0
-0.288510318634
-0.0207399918941
0.0
-0.294774079871
-0.294774079871
0.0
-0.0207399918941
-0.0207399918941
-0.26777032674
-0.0270037531312
-0.294774079871
-0.294774079871
-0.0270037531312
0.0
0.0
-0.0207399918941
-0.26777032674
-0.0270037531312
-0.26777032674
-0.0270037531312
-0.0270037531312
0.0
0.0
-0.0207399918941
-0.294774079871
-0.294774079871
-0.315514071765
-0.0477437450253
-0.0207399918941
-0.0207399918941
-0.0207399918941
-0.0207399918941
-0.294774079871
-0.315514071765
-0.0207399918941
0.0
0.0
0.0
-0.0207399918941
-0.0207399918941
-0.315514071765
-0.288510318634
-0.26777032674
-0.26777032674
0.0
0.0
0.0
-0.0207399918941
-0.0477437450253
-0.294774079871
-0.0270037531312
-0.26777032674
-0.294774079871
-0.0270037531312
-0.0270037531312
-0.0270037531312
-0.0207399918941
-0.26777032674
-0.0270037531312
-0.0270037531312
-0.294774079871
-0.26777032674
-0.26777032674
0.0
-0.0207399918941
-0.288510318634
-0.288510318634
-0.0207399918941
-0.0207399918941
-0.0207399918941
-0.288510318634
-0.288510318634
0.0
0.0
-0.26777032674
0.0
0.0
0.0
0.0
-0.26777032674
0.0
0.0
-0.26777032674
0.0
0.0
0.0
0.0
0.0
0.0
0.0
0.0
0.0
0.0
0.0
0.0
0.0
0.0
0.0
0.0
0.0
0.0
0.0
0.0
0.0
-0.00103006316514
0.0
0.0
0.0
0.0
0.0
0.0
0.0
-0.00103006316514
0.0
0.0
0.0
0.0
0.0
0.0
0.0
-0.00103006316514
-0.00185010566923
-0.00185010566923
-0.00288016883437
-0.00288016883437
-0.00185010566923
-0.00185010566923
0.0
-0.00288016883437
-0.00185010566923
0.0
-0.068981190203
-0.068981190203
0.0
-0.00185010566923
-0.00185010566923
-0.00103006316514
-0.0679511270379
-0.068981190203
-0.068981190203
-0.0679511270379
0.0
0.0
-0.00185010566923
-0.00103006316514
-0.0679511270379
-0.00103006316514
-0.0679511270379
-0.0679511270379
0.0
0.0
-0.00185010566923
-0.068981190203
-0.068981190203
-0.0708312958722
-0.0698012327071
-0.00185010566923
-0.00185010566923
-0.00185010566923
-0.00185010566923
-0.068981190203
-0.0708312958722
-0.00185010566923
0.0
0.0
0.0
-0.00185010566923
-0.00185010566923
-0.0708312958722
-0.00288016883437
-0.00103006316514
-0.00103006316514
0.0
0.0
0.0
-0.00185010566923
-0.0698012327071
-0.068981190203
-0.0679511270379
-0.00103006316514
-0.068981190203
-0.0679511270379
-0.0679511270379
-0.0679511270379
-0.00185010566923
-0.00103006316514
-0.0679511270379
-0.0679511270379
-0.068981190203
-0.00103006316514
-0.00103006316514
0.0
-0.00185010566923
-0.00288016883437
-0.00288016883437
-0.00185010566923
-0.00185010566923
-0.00185010566923
-0.00288016883437
-0.00288016883437
0.0
0.0
-0.00103006316514
0.0
0.0
0.0
0.0
-0.00103006316514
0.0
0.0
-0.00103006316514
0.0
0.0
0.0
0.0
0.0
0.0
0.0
0.0
0.0
0.0
0.0
0.0
0.0
0.0
0.0
0.0
0.0
0.0
0.0
0.0
0.0
-0.00198814463078
0.0
0.0
0.0
0.0
0.0
0.0
0.0
-0.00198814463078
0.0
0.0
0.0
0.0
0.0
0.0
0.0
-0.00198814463078
-0.00104627282642
-0.00104627282642
-0.00303441745719
-0.00303441745719
-0.00104627282642
-0.00104627282642
0.0
-0.00303441745719
-0.00104627282642
0.0
-0.0221794757071
-0.0221794757071
0.0
-0.00104627282642
-0.00104627282642
-0.00198814463078
-0.0201913310763
-0.0221794757071
-0.0221794757071
-0.0201913310763
0.0
0.0
-0.00104627282642
-0.00198814463078
-0.0201913310763
-0.00198814463078
-0.0201913310763
-0.0201913310763
0.0
0.0
-0.00104627282642
-0.0221794757071
-0.0221794757071
-0.0232257485335
-0.0212376039028
-0.00104627282642
-0.00104627282642
-0.00104627282642
-0.00104627282642
-0.0221794757071
-0.0232257485335
-0.00104627282642
0.0
0.0
0.0
-0.00104627282642
-0.00104627282642
-0.0232257485335
-0.00303441745719
-0.00198814463078
-0.00198814463078
0.0
0.0
0.0
-0.00104627282642
-0.0212376039028
-0.0221794757071
-0.0201913310763
-0.00198814463078
-0.0221794757071
-0.0201913310763
-0.0201913310763
-0.0201913310763
-0.00104627282642
-0.00198814463078
-0.0201913310763
-0.0201913310763
-0.0221794757071
-0.00198814463078
-0.00198814463078
0.0
-0.00104627282642
-0.00303441745719
-0.00303441745719
-0.00104627282642
-0.00104627282642
-0.00104627282642
-0.00303441745719
-0.00303441745719
0.0
0.0
-0.00198814463078
0.0
0.0
0.0
0.0
-0.00198814463078
0.0
0.0
-0.00198814463078
0.0
0.0
0.0
0.0
0.0
0.0
0.0
0.0
0.0
0.0
0.0
0.0
0.0
0.0
0.0
0.0
0.0
0.0
0.0
0.0
0.0
-0.1140604805
0.0
0.0
0.0
0.0
0.0
0.0
0.0
-0.1140604805
0.0
0.0
0.0
0.0
0.0
0.0
0.0
-0.1140604805
-0.0562259600044
-0.0562259600044
-0.170286440505
-0.170286440505
-0.0562259600044
-0.0562259600044
0.0
-0.170286440505
-0.0562259600044
0.0
-0.186147763133
-0.186147763133
0.0
-0.0562259600044
-0.0562259600044
-0.1140604805
-0.0720872826332
-0.186147763133
-0.186147763133
-0.0720872826332
0.0
0.0
-0.0562259600044
-0.1140604805
-0.0720872826332
-0.1140604805
-0.0720872826332
-0.0720872826332
0.0
0.0
-0.0562259600044
-0.186147763133
-0.186147763133
-0.242373723138
-0.128313242638
-0.0562259600044
-0.0562259600044
-0.0562259600044
-0.0562259600044
-0.186147763133
-0.242373723138
-0.0562259600044
0.0
0.0
0.0
-0.0562259600044
-0.0562259600044
-0.242373723138
-0.170286440505
-0.1140604805
-0.1140604805
0.0
0.0
0.0
-0.0562259600044
-0.128313242638
-0.186147763133
-0.0720872826332
-0.1140604805
-0.186147763133
-0.0720872826332
-0.0720872826332
-0.0720872826332
-0.0562259600044
-0.1140604805
-0.0720872826332
-0.0720872826332
-0.186147763133
-0.1140604805
-0.1140604805
0.0
-0.0562259600044
-0.170286440505
-0.170286440505
-0.0562259600044
-0.0562259600044
-0.0562259600044
-0.170286440505
-0.170286440505
0.0
0.0
-0.1140604805
0.0
0.0
0.0
0.0
-0.1140604805
0.0
0.0
-0.1140604805
0.0
0.0
0.0
0.0
0.0
0.0
0.0
0.0
0.0
0.0
0.0
0.0
0.0
0.0
0.0
0.0
0.0
0.0
0.0
0.0
0.0
-0.00401601838684
0.0
0.0
0.0
0.0
0.0
0.0
0.0
-0.00401601838684
0.0
0.0
0.0
0.0
0.0
0.0
0.0
-0.00401601838684
-0.0084821719257
-0.0084821719257
-0.0124981903125
-0.0124981903125
-0.0084821719257
-0.0084821719257
0.0
-0.0124981903125
-0.0084821719257
0.0
-0.02704056947
-0.02704056947
0.0
-0.0084821719257
-0.0084821719257
-0.00401601838684
-0.0230245510832
-0.02704056947
-0.02704056947
-0.0230245510832
0.0
0.0
-0.0084821719257
-0.00401601838684
-0.0230245510832
-0.00401601838684
-0.0230245510832
-0.0230245510832
0.0
0.0
-0.0084821719257
-0.02704056947
-0.02704056947
-0.0355227413957
-0.0315067230089
-0.0084821719257
-0.0084821719257
-0.0084821719257
-0.0084821719257
-0.02704056947
-0.0355227413957
-0.0084821719257
0.0
0.0
0.0
-0.0084821719257
-0.0084821719257
-0.0355227413957
-0.0124981903125
-0.00401601838684
-0.00401601838684
0.0
0.0
0.0
-0.0084821719257
-0.0315067230089
-0.02704056947
-0.0230245510832
-0.00401601838684
-0.02704056947
-0.0230245510832
-0.0230245510832
-0.0230245510832
-0.0084821719257
-0.00401601838684
-0.0230245510832
-0.0230245510832
-0.02704056947
-0.00401601838684
-0.00401601838684
0.0
-0.0084821719257
-0.0124981903125
-0.0124981903125
-0.0084821719257
-0.0084821719257
-0.0084821719257
-0.0124981903125
-0.0124981903125
0.0
0.0
-0.00401601838684
0.0
0.0
0.0
0.0
-0.00401601838684
0.0
0.0
-0.00401601838684
0.0
0.0
0.0
0.0
0.0
0.0
0.0
0.0
0.0
0.0
0.0
0.0
0.0
0.0
0.0
0.0
0.0
0.0
0.0
0.0
0.0
0.968154007046
0.0
0.0
0.0
0.0
0.0
0.0
0.0
0.968154007046
0.0
0.0
0.0
0.0
0.0
0.0
0.0
0.968154007046
-0.000879193801482
-0.000879193801482
0.967274813245
0.967274813245
-0.000879193801482
-0.000879193801482
0.0
0.967274813245
-0.000879193801482
0.0
0.963153228159
0.963153228159
0.0
-0.000879193801482
-0.000879193801482
0.968154007046
-0.00500077888681
0.963153228159
0.963153228159
-0.00500077888681
0.0
0.0
-0.000879193801482
0.968154007046
-0.00500077888681
0.968154007046
-0.00500077888681
-0.00500077888681
0.0
0.0
-0.000879193801482
0.963153228159
0.963153228159
0.962274034358
-0.00587997268829
-0.000879193801482
-0.000879193801482
-0.000879193801482
-0.000879193801482
0.963153228159
0.962274034358
-0.000879193801482
0.0
0.0
0.0
-0.000879193801482
-0.000879193801482
0.962274034358
0.967274813245
0.968154007046
0.968154007046
0.0
0.0
0.0
-0.000879193801482
-0.00587997268829
0.963153228159
-0.00500077888681
0.968154007046
0.963153228159
-0.00500077888681
-0.00500077888681
-0.00500077888681
-0.000879193801482
0.968154007046
-0.00500077888681
-0.00500077888681
0.963153228159
0.968154007046
0.968154007046
0.0
-0.000879193801482
0.967274813245
0.967274813245
-0.000879193801482
-0.000879193801482
-0.000879193801482
0.967274813245
0.967274813245
0.0
0.0
0.968154007046
0.0
0.0
0.0
0.0
0.968154007046
0.0
0.0
0.968154007046
0.0
0.0
0.0
0.0
0.0
0.0
0.0
0.0
0.0
0.0
0.0
0.0
0.0
0.0
0.0
0.0
0.0
0.0
0.0
0.0
0.0
-0.00208100404053
0.0
0.0
0.0
0.0
0.0
0.0
0.0
-0.00208100404053
0.0
0.0
0.0
0.0
0.0
0.0
0.0
-0.00208100404053
-0.0372469789694
-0.0372469789694
-0.0393279830099
-0.0393279830099
-0.0372469789694
-0.0372469789694
0.0
-0.0393279830099
-0.0372469789694
0.0
-0.0635596584132
-0.0635596584132
0.0
-0.0372469789694
-0.0372469789694
-0.00208100404053
-0.0614786543727
-0.0635596584132
-0.0635596584132
-0.0614786543727
0.0
0.0
-0.0372469789694
-0.00208100404053
-0.0614786543727
-0.00208100404053
-0.0614786543727
-0.0614786543727
0.0
0.0
-0.0372469789694
-0.0635596584132
-0.0635596584132
-0.100806637383
-0.0987256333421
-0.0372469789694
-0.0372469789694
-0.0372469789694
-0.0372469789694
-0.0635596584132
-0.100806637383
-0.0372469789694
0.0
0.0
0.0
-0.0372469789694
-0.0372469789694
-0.100806637383
-0.0393279830099
-0.00208100404053
-0.00208100404053
0.0
0.0
0.0
-0.0372469789694
-0.0987256333421
-0.0635596584132
-0.0614786543727
-0.00208100404053
-0.0635596584132
-0.0614786543727
-0.0614786543727
-0.0614786543727
-0.0372469789694
-0.00208100404053
-0.0614786543727
-0.0614786543727
-0.0635596584132
-0.00208100404053
-0.00208100404053
0.0
-0.0372469789694
-0.0393279830099
-0.0393279830099
-0.0372469789694
-0.0372469789694
-0.0372469789694
-0.0393279830099
-0.0393279830099
0.0
0.0
-0.00208100404053
0.0
0.0
0.0
0.0
-0.00208100404053
0.0
0.0
-0.00208100404053
0.0
0.0
0.0
0.0
0.0
0.0
0.0
0.0
0.0
0.0
0.0
0.0
0.0
0.0
0.0
0.0
0.0
0.0
0.0
0.0
0.0
-0.0145921314725
0.0
0.0
0.0
0.0
0.0
0.0
0.0
-0.0145921314725
0.0
0.0
0.0
0.0
0.0
0.0
0.0
-0.0145921314725
-0.00104301619443
-0.00104301619443
-0.0156351476669
-0.0156351476669
-0.00104301619443
-0.00104301619443
0.0
-0.0156351476669
-0.00104301619443
0.0
-0.17851953962
-0.17851953962
0.0
-0.00104301619443
-0.00104301619443
-0.0145921314725
-0.163927408147
-0.17851953962
-0.17851953962
-0.163927408147
0.0
0.0
-0.00104301619443
-0.0145921314725
-0.163927408147
-0.0145921314725
-0.163927408147
-0.163927408147
0.0
0.0
-0.00104301619443
-0.17851953962
-0.17851953962
-0.179562555814
-0.164970424341
-0.00104301619443
-0.00104301619443
-0.00104301619443
-0.00104301619443
-0.17851953962
-0.179562555814
-0.00104301619443
0.0
0.0
0.0
-0.00104301619443
-0.00104301619443
-0.179562555814
-0.0156351476669
-0.0145921314725
-0.0145921314725
0.0
0.0
0.0
-0.00104301619443
-0.164970424341
-0.17851953962
-0.163927408147
-0.0145921314725
-0.17851953962
-0.163927408147
-0.163927408147
-0.163927408147
-0.00104301619443
-0.0145921314725
-0.163927408147
-0.163927408147
-0.17851953962
-0.0145921314725
-0.0145921314725
0.0
-0.00104301619443
-0.0156351476669
-0.0156351476669
-0.00104301619443
-0.00104301619443
-0.00104301619443
-0.0156351476669
-0.0156351476669
0.0
0.0
-0.0145921314725
0.0
0.0
0.0
0.0
-0.0145921314725
0.0
0.0
-0.0145921314725
0.0
0.0
0.0
0.0
0.0
0.0
0.0
0.0
0.0
0.0
0.0
0.0
0.0
0.0
0.0
0.0
0.0
0.0
0.0
0.0
0.0
-0.0817896316364
0.0
0.0
0.0
0.0
0.0
0.0
0.0
-0.0817896316364
0.0
0.0
0.0
0.0
0.0
0.0
0.0
-0.0817896316364
-0.166251256306
-0.166251256306
-0.248040887943
-0.248040887943
-0.166251256306
-0.166251256306
0.0
-0.248040887943
-0.166251256306
0.0
-0.148458017116
-0.148458017116
0.0
-0.166251256306
-0.166251256306
-0.0817896316364
-0.0666683854794
-0.148458017116
-0.148458017116
-0.0666683854794
0.0
0.0
-0.166251256306
-0.0817896316364
-0.0666683854794
-0.0817896316364
-0.0666683854794
-0.0666683854794
0.0
0.0
-0.166251256306
-0.148458017116
-0.148458017116
-0.314709273422
-0.232919641786
-0.166251256306
-0.166251256306
-0.166251256306
-0.166251256306
-0.148458017116
-0.314709273422
-0.166251256306
0.0
0.0
0.0
-0.166251256306
-0.166251256306
-0.314709273422
-0.248040887943
-0.0817896316364
-0.0817896316364
0.0
0.0
0.0
-0.166251256306
-0.232919641786
-0.148458017116
-0.0666683854794
-0.0817896316364
-0.148458017116
-0.0666683854794
-0.0666683854794
-0.0666683854794
-0.166251256306
-0.0817896316364
-0.0666683854794
-0.0666683854794
-0.148458017116
-0.0817896316364
-0.0817896316364
0.0
-0.166251256306
-0.248040887943
-0.248040887943
-0.166251256306
-0.166251256306
-0.166251256306
-0.248040887943
-0.248040887943
0.0
0.0
-0.0817896316364
0.0
0.0
0.0
0.0
-0.0817896316364
0.0
0.0
-0.0817896316364
0.0
0.0
0.0
0.0
0.0
0.0
0.0
0.0
0.0
0.0
0.0
0.0
0.0
0.0
0.0
0.0
0.0
0.0
0.0
0.0
0.0
-0.0123937867205
0.0
0.0
0.0
0.0
0.0
0.0
0.0
-0.0123937867205
0.0
0.0
0.0
0.0
0.0
0.0
0.0
-0.0123937867205
-0.00164560937632
-0.00164560937632
-0.0140393960968
-0.0140393960968
-0.00164560937632
-0.00164560937632
0.0
-0.0140393960968
-0.00164560937632
0.0
-0.0298653046767
-0.0298653046767
0.0
-0.00164560937632
-0.00164560937632
-0.0123937867205
-0.0174715179562
-0.0298653046767
-0.0298653046767
-0.0174715179562
0.0
0.0
-0.00164560937632
-0.0123937867205
-0.0174715179562
-0.0123937867205
-0.0174715179562
-0.0174715179562
0.0
0.0
-0.00164560937632
-0.0298653046767
-0.0298653046767
-0.031510914053
-0.0191171273325
-0.00164560937632
-0.00164560937632
-0.00164560937632
-0.00164560937632
-0.0298653046767
-0.031510914053
-0.00164560937632
0.0
0.0
0.0
-0.00164560937632
-0.00164560937632
-0.031510914053
-0.0140393960968
-0.0123937867205
-0.0123937867205
0.0
0.0
0.0
-0.00164560937632
-0.0191171273325
-0.0298653046767
-0.0174715179562
-0.0123937867205
-0.0298653046767
-0.0174715179562
-0.0174715179562
-0.0174715179562
-0.00164560937632
-0.0123937867205
-0.0174715179562
-0.0174715179562
-0.0298653046767
-0.0123937867205
-0.0123937867205
0.0
-0.00164560937632
-0.0140393960968
-0.0140393960968
-0.00164560937632
-0.00164560937632
-0.00164560937632
-0.0140393960968
-0.0140393960968
0.0
0.0
-0.0123937867205
0.0
0.0
0.0
0.0
-0.0123937867205
0.0
0.0
-0.0123937867205
0.0
0.0
0.0
0.0
0.0
0.0
0.0
0.0
0.0
0.0
0.0
0.0
0.0
0.0
0.0
0.0
0.0
0.0
0.0
0.0
0.0
-0.121769390652
0.0
0.0
0.0
0.0
0.0
0.0
0.0
-0.121769390652
0.0
0.0
0.0
0.0
0.0
0.0
0.0
-0.121769390652
-0.0357799881516
-0.0357799881516
-0.157549378803
-0.157549378803
-0.0357799881516
-0.0357799881516
0.0
-0.157549378803
-0.0357799881516
0.0
-0.154394662077
-0.154394662077
0.0
-0.0357799881516
-0.0357799881516
-0.121769390652
-0.0326252714253
-0.154394662077
-0.154394662077
-0.0326252714253
0.0
0.0
-0.0357799881516
-0.121769390652
-0.0326252714253
-0.121769390652
-0.0326252714253
-0.0326252714253
0.0
0.0
-0.0357799881516
-0.154394662077
-0.154394662077
-0.190174650229
-0.0684052595769
-0.0357799881516
-0.0357799881516
-0.0357799881516
-0.0357799881516
-0.154394662077
-0.190174650229
-0.0357799881516
0.0
0.0
0.0
-0.0357799881516
-0.0357799881516
-0.190174650229
-0.157549378803
-0.121769390652
-0.121769390652
0.0
0.0
0.0
-0.0357799881516
-0.0684052595769
-0.154394662077
-0.0326252714253
-0.121769390652
-0.154394662077
-0.0326252714253
-0.0326252714253
-0.0326252714253
-0.0357799881516
-0.121769390652
-0.0326252714253
-0.0326252714253
-0.154394662077
-0.121769390652
-0.121769390652
0.0
-0.0357799881516
-0.157549378803
-0.157549378803
-0.0357799881516
-0.0357799881516
-0.0357799881516
-0.157549378803
-0.157549378803
0.0
0.0
-0.121769390652
0.0
0.0
0.0
0.0
-0.121769390652
0.0
0.0
-0.121769390652
0.0
0.0
0.0
0.0
0.0
0.0
0.0
0.0
0.0
0.0
0.0
0.0
0.0
0.0
0.0
0.0
0.0
0.0
0.0
0.0
0.0
-0.0861138820994
0.0
0.0
0.0
0.0
0.0
0.0
0.0
-0.0861138820994
0.0
0.0
0.0
0.0
0.0
0.0
0.0
-0.0861138820994
-0.362016224472
-0.362016224472
-0.448130106572
-0.448130106572
-0.362016224472
-0.362016224472
0.0
-0.448130106572
-0.362016224472
0.0
-0.129566711615
-0.129566711615
0.0
-0.362016224472
-0.362016224472
-0.0861138820994
-0.043452829516
-0.129566711615
-0.129566711615
-0.043452829516
0.0
0.0
-0.362016224472
-0.0861138820994
-0.043452829516
-0.0861138820994
-0.043452829516
-0.043452829516
0.0
0.0
-0.362016224472
-0.129566711615
-0.129566711615
-0.491582936088
-0.405469053988
-0.362016224472
-0.362016224472
-0.362016224472
-0.362016224472
-0.129566711615
-0.491582936088
-0.362016224472
0.0
0.0
0.0
-0.362016224472
-0.362016224472
-0.491582936088
-0.448130106572
-0.0861138820994
-0.0861138820994
0.0
0.0
0.0
-0.362016224472
-0.405469053988
-0.129566711615
-0.043452829516
-0.0861138820994
-0.129566711615
-0.043452829516
-0.043452829516
-0.043452829516
-0.362016224472
-0.0861138820994
-0.043452829516
-0.043452829516
-0.129566711615
-0.0861138820994
-0.0861138820994
0.0
-0.362016224472
-0.448130106572
-0.448130106572
-0.362016224472
-0.362016224472
-0.362016224472
-0.448130106572
-0.448130106572
0.0
0.0
-0.0861138820994
0.0
0.0
0.0
0.0
-0.0861138820994
0.0
0.0
-0.0861138820994
0.0
0.0
0.0
0.0
0.0
0.0
0.0
0.0
0.0
0.0
0.0
0.0
0.0
0.0
0.0
0.0
0.0
0.0
0.0
0.0
0.0
-0.0345307966165
0.0
0.0
0.0
0.0
0.0
0.0
0.0
-0.0345307966165
0.0
0.0
0.0
0.0
0.0
0.0
0.0
-0.0345307966165
-0.0224016354096
-0.0224016354096
-0.0569324320261
-0.0569324320261
-0.0224016354096
-0.0224016354096
0.0
-0.0569324320261
-0.0224016354096
0.0
-0.0508577778414
-0.0508577778414
0.0
-0.0224016354096
-0.0224016354096
-0.0345307966165
-0.0163269812249
-0.0508577778414
-0.0508577778414
-0.0163269812249
0.0
0.0
-0.0224016354096
-0.0345307966165
-0.0163269812249
-0.0345307966165
-0.0163269812249
-0.0163269812249
0.0
0.0
-0.0224016354096
-0.0508577778414
-0.0508577778414
-0.073259413251
-0.0387286166345
-0.0224016354096
-0.0224016354096
-0.0224016354096
-0.0224016354096
-0.0508577778414
-0.073259413251
-0.0224016354096
0.0
0.0
0.0
-0.0224016354096
-0.0224016354096
-0.073259413251
-0.0569324320261
-0.0345307966165
-0.0345307966165
0.0
0.0
0.0
-0.0224016354096
-0.0387286166345
-0.0508577778414
-0.0163269812249
-0.0345307966165
-0.0508577778414
-0.0163269812249
-0.0163269812249
-0.0163269812249
-0.0224016354096
-0.0345307966165
-0.0163269812249
-0.0163269812249
-0.0508577778414
-0.0345307966165
-0.0345307966165
0.0
-0.0224016354096
-0.0569324320261
-0.0569324320261
-0.0224016354096
-0.0224016354096
-0.0224016354096
-0.0569324320261
-0.0569324320261
0.0
0.0
-0.0345307966165
0.0
0.0
0.0
0.0
-0.0345307966165
0.0
0.0
-0.0345307966165
0.0
0.0
0.0
0.0
0.0
0.0
0.0
0.0
0.0
0.0
0.0
0.0
0.0
0.0
0.0
0.0
0.0
0.0
0.0
0.0
0.0
-0.0518182485701
0.0
0.0
0.0
0.0
0.0
0.0
0.0
-0.0518182485701
0.0
0.0
0.0
0.0
0.0
0.0
0.0
-0.0518182485701
-0.0190631987428
-0.0190631987428
-0.0708814473129
-0.0708814473129
-0.0190631987428
-0.0190631987428
0.0
-0.0708814473129
-0.0190631987428
0.0
-0.10630565273
-0.10630565273
0.0
-0.0190631987428
-0.0190631987428
-0.0518182485701
-0.0544874041598
-0.10630565273
-0.10630565273
-0.0544874041598
0.0
0.0
-0.0190631987428
-0.0518182485701
-0.0544874041598
-0.0518182485701
-0.0544874041598
-0.0544874041598
0.0
0.0
-0.0190631987428
-0.10630565273
-0.10630565273
-0.125368851473
-0.0735506029026
-0.0190631987428
-0.0190631987428
-0.0190631987428
-0.0190631987428
-0.10630565273
-0.125368851473
-0.0190631987428
0.0
0.0
0.0
-0.0190631987428
-0.0190631987428
-0.125368851473
-0.0708814473129
-0.0518182485701
-0.0518182485701
0.0
0.0
0.0
-0.0190631987428
-0.0735506029026
-0.10630565273
-0.0544874041598
-0.0518182485701
-0.10630565273
-0.0544874041598
-0.0544874041598
-0.0544874041598
-0.0190631987428
-0.0518182485701
-0.0544874041598
-0.0544874041598
-0.10630565273
-0.0518182485701
-0.0518182485701
0.0
-0.0190631987428
-0.0708814473129
-0.0708814473129
-0.0190631987428
-0.0190631987428
-0.0190631987428
-0.0708814473129
-0.0708814473129
0.0
0.0
-0.0518182485701
0.0
0.0
0.0
0.0
-0.0518182485701
0.0
0.0
-0.0518182485701
0.0
0.0
0.0
0.0
0.0
0.0
0.0
0.0
0.0
0.0
0.0
0.0
0.0
0.0
0.0
0.0
0.0
0.0
0.0
0.0
0.0
-0.0139392277513
0.0
0.0
0.0
0.0
0.0
0.0
0.0
-0.0139392277513
0.0
0.0
0.0
0.0
0.0
0.0
0.0
-0.0139392277513
-0.00951399093611
-0.00951399093611
-0.0234532186874
-0.0234532186874
-0.00951399093611
-0.00951399093611
0.0
-0.0234532186874
-0.00951399093611
0.0
-0.0175558922799
-0.0175558922799
0.0
-0.00951399093611
-0.00951399093611
-0.0139392277513
-0.00361666452865
-0.0175558922799
-0.0175558922799
-0.00361666452865
0.0
0.0
-0.00951399093611
-0.0139392277513
-0.00361666452865
-0.0139392277513
-0.00361666452865
-0.00361666452865
0.0
0.0
-0.00951399093611
-0.0175558922799
-0.0175558922799
-0.027069883216
-0.0131306554648
-0.00951399093611
-0.00951399093611
-0.00951399093611
-0.00951399093611
-0.0175558922799
-0.027069883216
-0.00951399093611
0.0
0.0
0.0
-0.00951399093611
-0.00951399093611
-0.027069883216
-0.0234532186874
-0.0139392277513
-0.0139392277513
0.0
0.0
0.0
-0.00951399093611
-0.0131306554648
-0.0175558922799
-0.00361666452865
-0.0139392277513
-0.0175558922799
-0.00361666452865
-0.00361666452865
-0.00361666452865
-0.00951399093611
-0.0139392277513
-0.00361666452865
-0.00361666452865
-0.0175558922799
-0.0139392277513
-0.0139392277513
0.0
-0.00951399093611
-0.0234532186874
-0.0234532186874
-0.00951399093611
-0.00951399093611
-0.00951399093611
-0.0234532186874
-0.0234532186874
0.0
0.0
-0.0139392277513
0.0
0.0
0.0
0.0
-0.0139392277513
0.0
0.0
-0.0139392277513
0.0
0.0
0.0
0.0
0.0
0.0
0.0
0.0
0.0
0.0
0.0
0.0
0.0
0.0
0.0
0.0
0.0
0.0
0.0
0.0
0.0
-0.0284820363363
0.0
0.0
0.0
0.0
0.0
0.0
0.0
-0.0284820363363
0.0
0.0
0.0
0.0
0.0
0.0
0.0
-0.0284820363363
-0.00376315348885
-0.00376315348885
-0.0322451898251
-0.0322451898251
-0.00376315348885
-0.00376315348885
0.0
-0.0322451898251
-0.00376315348885
0.0
-0.0542824840049
-0.0542824840049
0.0
-0.00376315348885
-0.00376315348885
-0.0284820363363
-0.0258004476687
-0.0542824840049
-0.0542824840049
-0.0258004476687
0.0
0.0
-0.00376315348885
-0.0284820363363
-0.0258004476687
-0.0284820363363
-0.0258004476687
-0.0258004476687
0.0
0.0
-0.00376315348885
-0.0542824840049
-0.0542824840049
-0.0580456374938
-0.0295636011575
-0.00376315348885
-0.00376315348885
-0.00376315348885
-0.00376315348885
-0.0542824840049
-0.0580456374938
-0.00376315348885
0.0
0.0
0.0
-0.00376315348885
-0.00376315348885
-0.0580456374938
-0.0322451898251
-0.0284820363363
-0.0284820363363
0.0
0.0
0.0
-0.00376315348885
-0.0295636011575
-0.0542824840049
-0.0258004476687
-0.0284820363363
-0.0542824840049
-0.0258004476687
-0.0258004476687
-0.0258004476687
-0.00376315348885
-0.0284820363363
-0.0258004476687
-0.0258004476687
-0.0542824840049
-0.0284820363363
-0.0284820363363
0.0
-0.00376315348885
-0.0322451898251
-0.0322451898251
-0.00376315348885
-0.00376315348885
-0.00376315348885
-0.0322451898251
-0.0322451898251
0.0
0.0
-0.0284820363363
0.0
0.0
0.0
0.0
-0.0284820363363
0.0
0.0
-0.0284820363363
0.0
0.0
0.0
0.0
0.0
0.0
0.0
0.0
0.0
0.0
0.0
0.0
0.0
0.0
0.0
0.0
0.0
0.0
0.0
0.0
0.0
-0.00094449088198
0.0
0.0
0.0
0.0
0.0
0.0
0.0
-0.00094449088198
0.0
0.0
0.0
0.0
0.0
0.0
0.0
-0.00094449088198
-0.0128930301787
-0.0128930301787
-0.0138375210607
-0.0138375210607
-0.0128930301787
-0.0128930301787
0.0
-0.0138375210607
-0.0128930301787
0.0
-0.023748189014
-0.023748189014
0.0
-0.0128930301787
-0.0128930301787
-0.00094449088198
-0.022803698132
-0.023748189014
-0.023748189014
-0.022803698132
0.0
0.0
-0.0128930301787
-0.00094449088198
-0.022803698132
-0.00094449088198
-0.022803698132
-0.022803698132
0.0
0.0
-0.0128930301787
-0.023748189014
-0.023748189014
-0.0366412191927
-0.0356967283107
-0.0128930301787
-0.0128930301787
-0.0128930301787
-0.0128930301787
-0.023748189014
-0.0366412191927
-0.0128930301787
0.0
0.0
0.0
-0.0128930301787
-0.0128930301787
-0.0366412191927
-0.0138375210607
-0.00094449088198
-0.00094449088198
0.0
0.0
0.0
-0.0128930301787
-0.0356967283107
-0.023748189014
-0.022803698132
-0.00094449088198
-0.023748189014
-0.022803698132
-0.022803698132
-0.022803698132
-0.0128930301787
-0.00094449088198
-0.022803698132
-0.022803698132
-0.023748189014
-0.00094449088198
-0.00094449088198
0.0
-0.0128930301787
-0.0138375210607
-0.0138375210607
-0.0128930301787
-0.0128930301787
-0.0128930301787
-0.0138375210607
-0.0138375210607
0.0
0.0
-0.00094449088198
0.0
0.0
0.0
0.0
-0.00094449088198
0.0
0.0
-0.00094449088198
0.0
0.0
0.0
0.0
0.0
0.0
0.0
0.0
0.0
0.0
0.0
0.0
0.0
0.0
0.0
0.0
0.0
0.0
0.0
0.0
0.0
-0.0153757997779
0.0
0.0
0.0
0.0
0.0
0.0
0.0
-0.0153757997779
0.0
0.0
0.0
0.0
0.0
0.0
0.0
-0.0153757997779
-0.0116341636992
-0.0116341636992
-0.0270099634772
-0.0270099634772
-0.0116341636992
-0.0116341636992
0.0
-0.0270099634772
-0.0116341636992
0.0
-0.024619461606
-0.024619461606
0.0
-0.0116341636992
-0.0116341636992
-0.0153757997779
-0.00924366182805
-0.024619461606
-0.024619461606
-0.00924366182805
0.0
0.0
-0.0116341636992
-0.0153757997779
-0.00924366182805
-0.0153757997779
-0.00924366182805
-0.00924366182805
0.0
0.0
-0.0116341636992
-0.024619461606
-0.024619461606
-0.0362536253052
-0.0208778255273
-0.0116341636992
-0.0116341636992
-0.0116341636992
-0.0116341636992
-0.024619461606
-0.0362536253052
-0.0116341636992
0.0
0.0
0.0
-0.0116341636992
-0.0116341636992
-0.0362536253052
-0.0270099634772
-0.0153757997779
-0.0153757997779
0.0
0.0
0.0
-0.0116341636992
-0.0208778255273
-0.024619461606
-0.00924366182805
-0.0153757997779
-0.024619461606
-0.00924366182805
-0.00924366182805
-0.00924366182805
-0.0116341636992
-0.0153757997779
-0.00924366182805
-0.00924366182805
-0.024619461606
-0.0153757997779
-0.0153757997779
0.0
-0.0116341636992
-0.0270099634772
-0.0270099634772
-0.0116341636992
-0.0116341636992
-0.0116341636992
-0.0270099634772
-0.0270099634772
0.0
0.0
-0.0153757997779
0.0
0.0
0.0
0.0
-0.0153757997779
0.0
0.0
-0.0153757997779
0.0
0.0
0.0
0.0
0.0
0.0
0.0
0.0
0.0
0.0
0.0
0.0
0.0
0.0
0.0
0.0
0.0
0.0
0.0
0.0
0.0
-0.00260051703206
0.0
0.0
0.0
0.0
0.0
0.0
0.0
-0.00260051703206
0.0
0.0
0.0
0.0
0.0
0.0
0.0
-0.00260051703206
-0.00754354471948
-0.00754354471948
-0.0101440617515
-0.0101440617515
-0.00754354471948
-0.00754354471948
0.0
-0.0101440617515
-0.00754354471948
0.0
-0.00424655053777
-0.00424655053777
0.0
-0.00754354471948
-0.00754354471948
-0.00260051703206
-0.00164603350571
-0.00424655053777
-0.00424655053777
-0.00164603350571
0.0
0.0
-0.00754354471948
-0.00260051703206
-0.00164603350571
-0.00260051703206
-0.00164603350571
-0.00164603350571
0.0
0.0
-0.00754354471948
-0.00424655053777
-0.00424655053777
-0.0117900952572
-0.00918957822519
-0.00754354471948
-0.00754354471948
-0.00754354471948
-0.00754354471948
-0.00424655053777
-0.0117900952572
-0.00754354471948
0.0
0.0
0.0
-0.00754354471948
-0.00754354471948
-0.0117900952572
-0.0101440617515
-0.00260051703206
-0.00260051703206
0.0
0.0
0.0
-0.00754354471948
-0.00918957822519
-0.00424655053777
-0.00164603350571
-0.00260051703206
-0.00424655053777
-0.00164603350571
-0.00164603350571
-0.00164603350571
-0.00754354471948
-0.00260051703206
-0.00164603350571
-0.00164603350571
-0.00424655053777
-0.00260051703206
-0.00260051703206
0.0
-0.00754354471948
-0.0101440617515
-0.0101440617515
-0.00754354471948
-0.00754354471948
-0.00754354471948
-0.0101440617515
-0.0101440617515
0.0
0.0
-0.00260051703206
0.0
0.0
0.0
0.0
-0.00260051703206
0.0
0.0
-0.00260051703206
0.0
0.0
0.0
0.0
0.0
0.0
0.0
0.0
0.0
0.0
0.0
0.0
0.0
0.0
0.0
0.0
0.0
0.0
0.0
0.0
0.0
-0.00754240800865
0.0
0.0
0.0
0.0
0.0
0.0
0.0
-0.00754240800865
0.0
0.0
0.0
0.0
0.0
0.0
0.0
-0.00754240800865
-0.0114515141973
-0.0114515141973
-0.018993922206
-0.018993922206
-0.0114515141973
-0.0114515141973
0.0
-0.018993922206
-0.0114515141973
0.0
-0.0124360772561
-0.0124360772561
0.0
-0.0114515141973
-0.0114515141973
-0.00754240800865
-0.00489366924745
-0.0124360772561
-0.0124360772561
-0.00489366924745
0.0
0.0
-0.0114515141973
-0.00754240800865
-0.00489366924745
-0.00754240800865
-0.00489366924745
-0.00489366924745
0.0
0.0
-0.0114515141973
-0.0124360772561
-0.0124360772561
-0.0238875914534
-0.0163451834448
-0.0114515141973
-0.0114515141973
-0.0114515141973
-0.0114515141973
-0.0124360772561
-0.0238875914534
-0.0114515141973
0.0
0.0
0.0
-0.0114515141973
-0.0114515141973
-0.0238875914534
-0.018993922206
-0.00754240800865
-0.00754240800865
0.0
0.0
0.0
-0.0114515141973
-0.0163451834448
-0.0124360772561
-0.00489366924745
-0.00754240800865
-0.0124360772561
-0.00489366924745
-0.00489366924745
-0.00489366924745
-0.0114515141973
-0.00754240800865
-0.00489366924745
-0.00489366924745
-0.0124360772561
-0.00754240800865
-0.00754240800865
0.0
-0.0114515141973
-0.018993922206
-0.018993922206
-0.0114515141973
-0.0114515141973
-0.0114515141973
-0.018993922206
-0.018993922206
0.0
0.0
-0.00754240800865
0.0
0.0
0.0
0.0
-0.00754240800865
0.0
0.0
-0.00754240800865
0.0
0.0
0.0
0.0
0.0
0.0
0.0
0.0
0.0
0.0
0.0
0.0
0.0
0.0
0.0
0.0
0.0
0.0
0.0
0.0
0.0
-0.0188469970748
0.0
0.0
0.0
0.0
0.0
0.0
0.0
-0.0188469970748
0.0
0.0
0.0
0.0
0.0
0.0
0.0
-0.0188469970748
-0.140038331809
-0.140038331809
-0.158885328884
-0.158885328884
-0.140038331809
-0.140038331809
0.0
-0.158885328884
-0.140038331809
0.0
-0.0681739015919
-0.0681739015919
0.0
-0.140038331809
-0.140038331809
-0.0188469970748
-0.049326904517
-0.0681739015919
-0.0681739015919
-0.049326904517
0.0
0.0
-0.140038331809
-0.0188469970748
-0.049326904517
-0.0188469970748
-0.049326904517
-0.049326904517
0.0
0.0
-0.140038331809
-0.0681739015919
-0.0681739015919
-0.208212233401
-0.189365236326
-0.140038331809
-0.140038331809
-0.140038331809
-0.140038331809
-0.0681739015919
-0.208212233401
-0.140038331809
0.0
0.0
0.0
-0.140038331809
-0.140038331809
-0.208212233401
-0.158885328884
-0.0188469970748
-0.0188469970748
0.0
0.0
0.0
-0.140038331809
-0.189365236326
-0.0681739015919
-0.049326904517
-0.0188469970748
-0.0681739015919
-0.049326904517
-0.049326904517
-0.049326904517
-0.140038331809
-0.0188469970748
-0.049326904517
-0.049326904517
-0.0681739015919
-0.0188469970748
-0.0188469970748
0.0
-0.140038331809
-0.158885328884
-0.158885328884
-0.140038331809
-0.140038331809
-0.140038331809
-0.158885328884
-0.158885328884
0.0
0.0
-0.0188469970748
0.0
0.0
0.0
0.0
-0.0188469970748
0.0
0.0
-0.0188469970748
0.0
0.0
0.0
0.0
0.0
0.0
0.0
0.0
0.0
0.0
0.0
0.0
0.0
-0.000305690941628
-0.000860212583106
-0.000189244202418
-0.000348787180084
-4.44302576751e-05
-0.00322737597581
-2.33406474251e-05
-2.95130694338e-05
-0.00185699597742
-0.000160777778106
-0.000343539320917
-0.00073743170693
-0.000101584596756
-0.00364056356243
-0.000118673767464
-0.00181472840424
-0.00679163362756
-0.00106852904185
-0.000771399271225
-0.000406816838067
-0.00022631984837
-0.000331012813225
-0.000313402763907
-0.000123192357088
-0.000215584161754
-0.00320802308414
-6.26802219903e-05
-0.000195956410772
-3.61250529631e-05
-6.43045557285e-05
-1.20779866042e-05
-0.000564243620285
-9.0357457079e-06
-7.57629626216e-06
-0.000447201898164
-4.75940788521e-05
-5.16569275608e-05
-0.000201710003901
-2.58292551795e-05
-0.000894045912033
-2.54038823677e-05
-0.000366636672227
-0.00259869244632
-0.000110039597027
-9.50171469708e-05
-7.47128852302e-05
-4.20033504792e-05
-4.55069660016e-05
-5.59052083253e-05
-4.53297043498e-05
-3.88789947244e-05
-0.000579489259956
-0.000337369938807
-0.000161522350312
-0.000106764012385
-0.000629575296803
-5.76615679154e-05
-0.0029263296347
-2.03199053426e-05
-3.78766336003e-05
-0.00228977685876
-6.00232721237e-05
-0.000432625734265
-0.000138425518182
-0.00019522492759
-0.00185050694592
-0.000154135098884
-0.00233885285529
-0.00205771533835
-0.000494759357428
-0.000763485656196
-0.00046679365522
-0.000699112538268
-6.67074415577e-05
-0.000198020544811
-5.12990331337e-05
-0.000141601160932
-0.00117626572154
-0.00200386064754
-0.00358866326501
-0.00076894808741
-0.00665430104744
-0.000343616641491
-0.0505213391202
-0.000365494110032
-0.000510608393874
-0.0134178569734
-0.00157092441664
-0.00353180459951
-0.00136143859105
-0.00223502933493
-0.0309357980321
-0.00303978221382
-0.0320013355716
-0.0387082352448
-0.00711743439041
-0.00938369938445
-0.00227843816907
-0.00382402937223
-0.00100305195282
-0.00260595748393
-0.000987779930562
-0.00141962922397
-0.00969321537828
-0.000141824210446
-0.000171020717334
-6.39728187249e-05
-0.000497025393944
-4.26511487491e-05
-0.00433910701463
-1.52527752568e-05
-2.61756867204e-05
-0.00199024413775
-6.6567976767e-05
0.999571962111
-7.19740485345e-05
-8.76440531994e-05
-0.000795906594591
-8.79046869406e-05
-0.00206197310537
-0.002435206704
-0.000380123248078
-0.000383758736287
-0.000124519202504
-0.000400969532312
-3.25714783428e-05
-0.00012831230766
-5.38721691806e-05
-7.33062205866e-05
-0.000858867104163
-0.00368036221353
-0.0134061387091
-0.00248645071059
-0.00201920257212
-0.000507593323354
-0.0130708604338
-0.000770120952264
-0.000404429967455
-0.0154756399213
-0.00246615644489
-0.000912467556165
-0.0108741571952
-0.000650725948986
-0.0568894715189
-0.000621616953403
-0.0134031322125
-0.0868743186468
-0.00667150039195
-0.00712606671109
-0.00438745446922
-0.00155590563194
-0.00328859517938
-0.00256976584526
-0.0025151323076
-0.00505199537214
-0.0370948186824
-0.00102843723663
-0.000389269849643
-0.000229971762918
-0.00267298655751
-0.000113153257392
-0.0229213921419
-8.32614622651e-05
-8.90762672314e-05
-0.00521929589478
-0.000293204893234
-0.00188331342769
-0.000104700392681
-0.00065941171335
-0.00749693731012
-0.000582934946783
-0.00503680265877
-0.00687938258342
-0.00186485354453
-0.00352325362852
-0.00106139838502
-0.00266402249728
-4.64662882313e-05
-0.00147248697744
-0.000258908598902
-0.000636987523527
-0.00176928040324
-0.000569748527746
-0.000243393981339
-7.28676969521e-05
-0.0010475698693
-4.00114126005e-05
-0.00672471434178
-1.77234321359e-05
-2.82884854001e-05
-0.00178063228585
-0.000120425244599
-0.000376602881021
-0.000171718499456
-0.000377440138898
-0.00177966813732
-0.000208266117679
-0.00276970319179
-0.00167958561709
-0.000916884659416
-0.000716709419498
-0.000478272068458
-0.000444278783189
-5.06081087608e-05
-0.000474858646898
-4.78403205885e-05
-0.000211929656945
-0.000829734182401
-0.00177065865213
-0.00292566297539
-0.00121753220407
-0.00715378639117
-0.000299296070622
-0.0161774397872
-0.00032310138141
-0.000187772694813
-0.0186431702193
-0.00166982148816
-0.0021959585149
-0.00525918654745
-0.00133752421544
-0.0159245487907
-0.000710425110031
-0.00955052657666
-0.0615644835593
-0.00523108658561
-0.00802684631905
-0.00136200664479
-0.0026790903275
-0.00130506865124
-0.00355720616456
-0.00100355162797
-0.00138890607272
-0.0146831055613
-0.000389769226785
-0.000300648053179
-0.000227941271512
-0.0017460515805
-5.88595820635e-05
-0.0047979869316
-3.49480608383e-05
-5.52269085647e-05
-0.0023484870712
-9.79527056414e-05
-0.000770179523136
-0.000142618388021
-0.000386273945389
-0.00173127439091
-0.000386654386712
-0.00457433034716
-0.00362474796263
-0.000804544078678
-0.00103491490821
-0.000738675266116
-0.000595610445125
-5.32255269595e-05
-0.000512355772551
-7.98879174029e-05
-0.000255206291071
-0.0012921989281
0.999682582697
-0.000979796762
-0.000537105670659
-0.000321543366124
-5.37380035953e-05
-0.00187603779413
-3.87892155362e-05
-4.24466685466e-05
-0.00149419071776
-0.00017331336219
-0.000234071902368
-0.000981727061605
-7.08717158789e-05
-0.00482069881622
-0.000156084862633
-0.00191553371346
-0.0119655241821
-0.00116061059678
-0.000487428307184
-0.000352031911753
-0.00035517483253
-0.000411246958824
-0.00061477530168
-0.000209911998065
-0.000469105042739
-0.00680759577285
-0.00162333898997
-0.000357094946011
-0.000312103488276
-0.00327020199444
-0.000237879517501
-0.0205573065504
-5.1798943755e-05
-9.54682750255e-05
-0.00741484817275
-0.000174327586751
-0.00210202270378
-0.000215655066591
-0.00068398625485
-0.00308269580416
-0.000512954606848
-0.00776246393646
-0.00445490148404
-0.00321328133382
-0.00233813485721
-0.000860575340219
-0.00181672162587
-0.000121467321764
-0.000576632074327
-0.000105175979418
-0.000310131533908
-0.00130849002508
-0.00474255217231
-0.00224374880747
-0.000797286736298
-0.00858198048526
-0.000491690725216
-0.0463074823693
-0.000201240847217
-0.000281981682061
-0.0244651448968
-0.000572208981778
-0.00685800191431
-0.00136206487895
-0.0031704583011
-0.0148301630519
-0.00314121604791
-0.0140882256752
-0.0139896627403
-0.00559863717237
-0.0121062965855
-0.00190190085648
-0.00355174958582
-0.000312409102974
-0.00203389810053
-0.000528406569014
-0.00179797816868
-0.0045631531648
-0.00164158686066
-0.00252126031256
-0.000744917568466
-0.00522948725012
-0.000274230581225
-0.0129830178009
-0.000166922233815
-0.000302887708748
-0.0156467631963
-0.000523693596966
-0.00247953417561
-0.00275790968816
-0.00120739013197
-0.0154286773809
-0.00108465653917
-0.0117882038397
-0.0441530375976
-0.00453200311905
-0.00257984003997
-0.00183129200439
-0.0024554826644
-0.00111031096445
-0.00155778637995
-0.000630220656585
-0.000941131252123
-0.013885773572
-0.000304627002067
-0.000441496274352
-0.000120010369952
-0.00116208201303
-4.44735922097e-05
-0.00517860612939
-5.17203027592e-05
-3.24566957393e-05
-0.00341700384658
-0.000140070479714
-0.00038298843218
-0.000714612808355
-0.000250348655569
-0.00410316475433
-0.000229996228022
-0.00154508399665
-0.00512374563376
-0.000709825177995
-0.00138713048407
-0.000355765364473
-0.00033198452992
-0.00020660891758
-0.000327894968734
-0.000168753504892
-0.000351684766338
-0.00278316974805
-0.00280192985125
-0.00549780772094
-0.00216349138456
-0.00183980641755
-0.000199631389865
-0.00668472376597
-0.000152035656304
-0.000121046020074
-0.0137147929748
-0.00121778224865
-0.000779589314858
-0.00342168945402
-0.00032841232999
-0.0196088034592
-0.000500230280666
-0.0109187627461
-0.0533492382137
-0.00484386064028
-0.00349542758362
-0.00172780186166
-0.00125028705226
-0.00157728169669
-0.00151797470816
-0.000576886924641
-0.00130125721739
-0.0148041111639
-0.00228420255193
-0.00415378014391
-0.00122941675932
-0.00280134748876
-0.00014888057919
-0.0157230942035
-0.000149977002092
-0.00016785909112
-0.00801406560441
-0.000589882408516
-0.00119811800869
-0.00214567380687
-0.000548011385646
-0.0234416421618
-0.000381485254916
-0.00695613248356
-0.0359146774826
-0.00255925564975
-0.00360237484215
-0.000893869776892
-0.00162614588351
-0.00126640329754
-0.00230674183986
-0.000973954005623
-0.0010519103319
-0.00943780957153
-0.000894519142361
-0.00267175571305
-0.000618058794259
-0.00080860790613
-6.15338913587e-05
-0.00738993995981
-8.03852084543e-05
-5.6167834515e-05
-0.00429999737217
-0.000307904019679
-0.00033804856891
-0.0023072141565
-0.000313493125951
-0.00508146362773
-0.000166420554136
-0.0024577212144
-0.00938723123062
-0.00118287967889
-0.0018390806161
-0.000529014020372
-0.000678935295838
-0.000535875159481
-0.000617435066737
-0.000293667219309
-0.000829044139101
-0.00711138432552
-0.00249817869289
-0.0022505561582
-0.000767569140969
-0.00309007314307
-0.000247744777754
-0.0107899688879
-9.04123143024e-05
-0.000234091841196
-0.0111810726153
-0.000768359479006
-0.00222768135041
-0.00226551324677
-0.00104567437474
-0.013578057703
-0.000673890686612
-0.00828850979604
-0.0194984024607
-0.00247740177573
-0.00412334089181
-0.000996794266085
-0.00296517961546
-0.000780366549562
-0.00183184182028
-0.000572079131242
-0.000822331204577
-0.0122405608063
-0.000211708992081
-0.000656514066472
-0.000114842811888
-0.000293354701035
-1.85503466494e-05
-0.00190104646048
-2.65378684755e-05
-3.13315691372e-05
-0.000684193188239
-0.000140013637669
-0.000142117991019
-0.000572427777063
-7.73443517752e-05
-0.00282642920642
-4.85028204186e-05
-0.000851806965771
-0.00368022328045
-0.00035803828554
-0.000360936237017
-0.000219896574696
-0.000223847500057
-0.000288674168901
-0.000301098821312
-0.000131154578069
-0.000111775811396
-0.00328352426787
-0.000599430772097
-0.00220871265344
-0.000437866477416
-0.00126214452898
-0.000116326477207
-0.00770147677592
-6.90484142199e-05
-7.07618811009e-05
-0.00328321360304
-0.000564551919501
-0.00147578958831
-0.00139247710191
-0.000451040027908
-0.00660881079328
-0.000357878786049
-0.00516299078878
-0.0116441046593
-0.0016037903244
-0.00131397716129
-0.000550943497182
-0.000865761872056
-0.000501576175541
-0.00107929961
-0.000387601067844
-0.00037566798942
-0.00419724105871
-0.000572506050939
-0.000194380490674
-8.27204705125e-05
-0.0019276597393
-4.06317921054e-05
-0.00497449793192
-2.68356245193e-05
-3.8523609526e-05
-0.00167265443577
-0.000161198688165
-0.00113705712836
-9.18186686835e-05
-0.00048478582945
-0.00294276393339
-0.000177549339407
-0.00324891773472
-0.00166656610655
-0.00059585018082
-0.00119950921018
-0.000270974581865
-0.000673608671384
-3.11886380126e-05
-0.000545250126833
-4.75466397475e-05
-0.000280301610915
-0.000662891780288
-0.000433084381228
-0.00125323346187
-0.000194447498837
-0.000713521605796
-5.44764880039e-05
-0.003236619924
-4.89309135875e-05
-3.59636881447e-05
-0.00233592104523
-0.000134685001313
-0.000286458787155
-0.000472103855959
-0.00019168192776
-0.00216646787077
-0.000179465300601
-0.00253440014681
-0.00442647734461
-0.00115955791128
-0.000617617798346
-0.000203087355309
-0.000237716810313
-0.000164531442076
-0.000392823864465
-0.000101879637401
-0.000334596062943
-0.0027097114822
-7.04552880298e-05
-0.000177114517633
-2.6916201625e-05
-7.98299557452e-05
-8.92758872071e-06
-0.000397480732108
-4.95935240177e-06
-8.13813780943e-06
-0.000488109280261
-4.07204408491e-05
-5.7167139055e-05
-9.88347116483e-05
-3.46249977931e-05
-0.000692252854013
-1.63025620022e-05
-0.000424148926667
-0.000790022399655
-0.000117449064136
-0.000130650705442
-3.69904223147e-05
-7.76197488934e-05
-2.55064588175e-05
-4.773562397e-05
-2.53231069667e-05
-6.49234034554e-05
-0.00030434691776
-0.000267252467915
-0.000533443985157
-9.02361509156e-05
-0.000255753968527
-1.84662462338e-05
-0.00136951285548
-1.74306582968e-05
-2.07567257424e-05
-0.00103864371884
-0.000114714560673
-0.000233086909697
-0.000390432437677
-8.37916497718e-05
-0.00122283396589
-7.39011487859e-05
-0.000753313517579
-0.00290736088981
-0.000302669904485
-0.000501746511815
-0.000107737995545
-0.000169079177861
-6.46453923391e-05
-0.00021374531055
-6.02002383817e-05
-0.000127018168593
-0.00149830269954
-0.000681213608437
-0.000790536662049
-0.000449263425763
-0.00334147066462
-0.000116104976399
-0.016168717491
-4.0545805956e-05
-0.000117991625353
-0.00766652459867
-0.000321315602113
-0.00186726646631
-0.00107446739777
-0.000636544477075
-0.00566724136476
-0.000403063914544
-0.00493514172591
-0.0119649291356
-0.00185756631585
-0.00297280429964
-0.00123545527443
-0.00183455263223
-0.000216614409596
-0.00115675814442
-0.000164506527559
-0.000391040824136
-0.0021022642216
