[24  6 14  5  7 14 13  4]
[13 22 14 17 10  2  1 19 13]
[ 2  2 14 20 13  4  0  1  8 11  8  4 15]
[17  7 24  3  4  5  4 24 24 24]
[ 4  2 14 12 15 17  4 18 18]
[ 7  6  6  8 20 18]
[ 4 14 24  4  4 15  7  6]
[17  7 18 20  0 10 20 24 23 24]
[0 4 4]
[ 4 17 14]
[13  3 20 18  4 17  3 20 25  3 25  4  3]
[10 15  8 12 24]
[12  1  4  0  4  4 18]
[ 4 25 20  7  4 13  0  4  8 13 24]
[14 12 15 24  4  0]
[20 12 15]
[17  7  7  7  3  3  0 11 11  1]
[14 12 12  0 13  3  1 13  6]
[6 8 4]
[ 5 14  9 15  2 19  8 14 13 18]
[13  4 14  0  4 14  8 12  0  7 11  6]
[11  0  3  8 13 24]
[ 4  4  3  0 12 17  4  3 24 24  3 21 24]
[14 17 12  0 11  8  4  0  4  1 14 13]
[20 24  0  4  0 12  2 13 24]
[13 13 14 20 13  2  8 13  6]
[20  0  7]
[ 4  0 10  1 14 14  4]
[14  0 12  0 13  3  8 13  6]
[13 11  0  4  7 14 13  0]
[ 4 17 14]
[ 4  0 11  0  4  7  4  6]
[13  2 14 13 18  4  6  0  4 13 19  8  0 11]
[ 7  0  3 14 22]
[ 0  3  0  5 14 20 18 11  6]
[17 14  3  4  0  4 11 14 13  1]
[4 4 4 4 4]
[ 4  4  4 17 13  0]
[24  4 17 14  0 14  3 25 13  6]
[ 4 22 10]
[ 4 13 20]
[13  4 24  4  4  4 25 13  6]
[12  8  4  0  4  3]
[13  4 17  4  0  4  4  4  3]
[20 24 17 14 22 13  0  4  3]
[24 15 12  0 15  8  1 19 17  8 14  0]
[ 0 12 24]
[20 18 25 11  0 12  4  0 12]
[ 4  2 14 12 15  2  4 18 18]
[ 4  2 14 12 15 17  4 18 18]
[ 0  4 10  8 13 18]
[ 6 11 14 15  7 14 13  4]
[ 1 18 18 20  0 11  2  5  8  4  3]
[22  0  1]
[ 8  4 19  8 13 24]
[17 14 13  4 15 14 17 12]
[20 24  6  8 13  6]
[14  0  4 20  0  2  3 20  0]
[14 17 12  0 19  8 12  0 10  8 14 13]
[22  1 20 18 24  4 11 13  7  4 25  4  6]
[ 1  0  3 14 13]
[24 11 14 15  7 14 13  4]
[ 0  4 24 15  4  4  4 15  3]
[13  2 14 12  5 14 17  4  0  1 11 24]
[22  0  1]
[13  4  0 15  4  2  1  4  3]
[13 13 14 20 13  2  8 12 24]
[10  9  8 13  3]
[ 4 14  6 15  0 15  1 24]
[20  5  5]
[ 0 21 20 11 13  6  4  0  1  6  4]
[ 4  2 10  0  4 25 20 17]
[ 4  0  4 18  8  3 17 12]
[14  4  4  4 13  8 13  6]
[17  6 13 24  4 14 17 12]
[14 15  2  0 13  8  2]
[ 8  3  3  8 12  6]
[ 0 25  4]
[20  8 10 25  8  4 14 11 11  6]
[4 4 0]
[13  0 13  4  0  4  0 12  0]
[ 4  4  2  1 14 14 20]
[20  6  6  8 13  6]
[0 4 4]
[20 25 18 11  0  4  4  0  4]
[ 0  1  0 18 14  0  9  3 24]
[24 12 15  0  4  7  4  4 20  2  0 11 19 24]
[20 17 17 14 20 13  0  4  0]
[14 24  4  0 13  3  2]
[0 4 0 3 0 4 8 0]
[24 11 14 15  7 14 13  4]
[13 20 20 11 13  4 17 14  7 11  4]
[21  1 14 15  4 14  7  4]
[20 13 14 20 20  2  4 22 20]
[ 6 14 13  8 25  8 13  6 11  6]
[ 6  4  0  4 13  8 13  4]
[ 4  1 22 11 14 20 18 11 24]
[14 10  2  0 13 11  2]
[ 0 15  4 25  4  4  8 12]
[20 24  0]
[ 4  4 14]
[15  4  2 14  0 14  7  8 12  6]
[ 0 13  6 20  8 18 13]
[ 4 20 20 20  4 13  0  3  8 12  6]
[20 17 15]
[ 4 20 20 24  4  6]
[13 24  4]
[13 14 20 14 20]
[ 4  4 11  0  4  8 13 14]
[24 12 15  0  4  7  4 19  8 14  0 11 19 24]
[14  0 12  0 12  3  8 20  6]
[17  4 22  6  5 14 17 12]
[13 22 14 17 10  0  1 11  0]
[ 0 13  6 22  8 18 10]
[ 3 14 10 10  0 24]
[13  4 23 15  4  2  0  4  3]
[12  1  4  0  2  4  6]
[ 0  1 20 11  0 20 18  8  4]
[ 0 13  6 20 24  4  8  3 21]
[ 4 15  4 14  0  4  1  2  0 14]
[20 10  0 12  7  4  0 11  4 18]
[ 4  0 10  4  4]
[ 4 17 14]
[ 6  0 12  8 25 19 13  6  4 24]
[17  0 13  0  4 14 17 12]
[ 4 17 14]
[14 12 15 11  4  0]
[ 8  3  3 14  0  6]
[14 11  2  0 13  8  2]
[ 0 18  8 12  6]
[22  6  7 11 13 24]
[20  6  6  8 13  6]
[10  8  8 13  6]
[0 6 6]
[ 4 20 20 18 13 24]
[13  0  3 20 13  4  7 20 20]
[20  8 25 25  7  4  0  5 24 10]
[12 18 14 20 20  2  7  0  4]
[13 21  0 11 13  4 17  4  1 11  4]
[ 0 20  0]
[12  6  4 11  4  3]
[14 12 12  0 13 20  8 12  6]
[12 14 17 20  2 14 18]
[17 20 13  4 17 14 17 12]
[17  3 15  3 24 23  4 23 24 12]
[10  0  0 14 22]
[17 14  9  4  4  1  8 14 20 18]
[ 4  4 13 14 20 24  4  3 15  4  0  4  4 24]
[14 21  4 17 13  8 12  6]
[14  0 12  0 22 24 19  0  4]
[ 4 14  8 19  8 13 24]
[24 12 15  0 19  7  4 19  8  2  0 11 11 24]
[20 25 13]
[ 0 23  8]
[ 0 14 18  4  2 15 24  4 22 18]
[ 0  4 17 14 20 13  3  4  4]
[ 2  2 14 20 13  4  4 14  8 11 19 24 24]
[14  0 12  3 13  3  2 13  3]
[12  1  4 25  4  0]
[ 4 25  4 11  4 12  0 13  4]
[ 4  2 10  0  4  7 14 24]
[ 4 10 13 14 14  8  4  3  6  4  0  4 13  4]
[ 4 12 15  0  4  1  4 21 24  4  0  3 24 14]
[ 2  2 14 20 13 24  0  1  8  6  9  5 24]
[14 17 12  0 11 11  4  0  4 11 14 13]
[ 4 17 14]
[20 12 15]
[20 25 25  4  4 12  2  0  4]
[20 19 15]
[ 4  4  0 22 17]
[20 18 24 11  4 11  2  0 12 11 14 13 18]
[22  0  1]
[ 0 14 13 11 24  8 14  0  2 24]
[ 8  3  3  8 12  6]
[14  0 12  4 22  3 19 13  6]
[ 0  2 10  8 13 24]
[0 4 4]
[24 15  2 14 14  2  1  8 13  0]
[ 4 18 20  8 13 24]
[20 12 15]
[14 17 13  0 11 19 25  0 19  8 14 14]
[13 11 24 24  4 24]
[ 4 13 20]
[20 18 24  8 13 18]
[24 14  0  3 24  7  4 15 24  5]
[ 0 14 13 11 24  8 13  0 20 24]
[15 15  4 14  0  2  4  3 20  2]
[20 24  6  8 12  6]
[24 12 15  0  4  7  4 20 11  2  0 11 11 24]
[14  7  7 11  4]
[20  0  4]
[14 20  4  4  0  8 12  6]
[ 0 23  8]
[20 12  6 10  4 23]
[ 0 10 20]
[14 10  4 19 13 17 13 24]
[10 14 20  4  2 19 18 14  0  4]
[ 4  0  3 25  4  0  4 13 17]
[20 18  6]
[ 0 13  6 20 24 18  7]
[12 24  4  4 17  3]
[ 4  0 13 18  5 14 17 12]
[14  4 17 14 20 13  3  4  3]
[0 4 4]
[12  4 23 15  4  2 24  4  3]
[ 4  0 14 20  4  0  4 25  4  0  4]
[ 0  2 10  8  4  6]
[ 4 17 14]
[20  0 15 11  4 23]
[15 14  7 11 19 13  6]
[ 4 14  9  4  4 15  8 14  0 18]
[12  2 11  0  4  8 13 24]
[ 2  2 14 20  0 15 13 24 24  4 11 15 24]
[ 4 13 20]
[ 6 10  8]
[ 8  3  3  9 13  6]
[ 4  4 10  4 17]
[12  1  4  0 14  4 18]
[15 14  8 19  8 13  6]
[ 0  9  3 13 24]
[6 5 5]
[24  0  4  0 12  7  4  0  3  2 20 11  8 14]
[14 12 15  8  4 18]
[14 12 15  4 17  0  3 11 20  4 11 24]
[ 4 13 20]
[ 0  1 20 16 14 20 18 11 14]
[ 2  2 14 20 13 19  0  1  8 11  8 19 24]
[ 4 13 20]
[15 24 12 14  0  4 13  8 13 18]
[ 4  0 13 18  5 14 17 12]
[20  0  1]
[ 7  0  3 14 20]
[14 11  4  0 13  8  2]
[22  7 15  6 14 13  3  4  3]
[ 0 12 15]
[15  8  6  7  4  5 20 11 19 24]
[ 5 18  6 20 20 11  8  5  2  4 20]
[14 21  4 15 13  8 13  6]
[14 15  4  0 13  8  2]
[15 14  8 19  8  4  6]
[14 11 17 14 13  1  4]
[ 4  0  0  1 14 14  4]
[13  3 20 24  4 17 14  0 11  8  0  4  3]
[20  2 17  3 20 13 20  4  3]
[ 1 13  3  6 22]
[ 4  2 10  0 15 10 13 24]
[13  3 20 24 19  4 11 20 11  3 25 20  3]
[ 6 17 12 20 24  3  3  4  4  7 14  0]
[0 4 4]
[20 12 15]
[ 4 14  6  4  0 15  7 24]
[13 22 14 17  3  0  1 24  4]
[ 2 13 22]
[ 6  5 19  0  4 15  8  0]
[ 0  4  4 22  4 22 24 12]
[24 11 14 15  7 14 13  4]
[ 0  3 14]
[ 4 10 13 14 20 24  4  3  6  4 12  4 13  4]
[ 0 23  8]
[20  0 12 25  4 12  4 14 12]
[ 4  4 19  0 17  9 13  6]
[ 0 12 12  0 12  7  8 13  6]
[13 22 14 17  4  0  1 11  4]
[14  6  4]
[ 0 12  1]
[12 11  0 18  4  4]
[13 13 14 20 13  2  4 13 24]
[ 6 14 13  8  6  8 12 24 24 12]
[ 4  4 11 20 17  8  4  6]
[14 17  4 17 13  8 12 24]
[13 13 14 20 13  4  8 12 14]
[ 0  5  4  4  4 17  8 12]
[13  4 20 24 13  4  4  0  3 25  4]
[14 20  4 15 13  8 12  6]
[13 18 18  8 12  6]
[13 22 14 17  4  0  7  8  4]
[17  8  6  7  8  5 20 11 11 24]
[14 13  4  0 13  3  7 14 14]
[4 4 7 4 4]
[15 15 17 14  0  4 20  8 12  6]
[17  7 24  7  6 15 20  8 19 24]
[ 2  2 14 22 13  4  0 20  7 11  7 20 24]
[ 6 20 14 24  7  4  1  8  4]
[ 4 17 12 13 11  8  4  0 12 15 24 13]
[ 0  4  4  4  4 23 11  0]
[14 17 12  0 11  8  0  4 17  8 14 13]
[12 22 14  4  4 13  1 10  4]
[20 18 25  8  4 15  2  0  4  8 14 13 18]
[ 4  2  4  0 10  8 13 24]
[ 2 10 13  4 22  4  0  3 24  4  0 12 13 24]
[20 24  0]
[0 4 4]
[ 0 12  6 20  6 18  7]
[ 4  9 20 24  4 13  0 12  8 12  6]
[ 0 24  7]
[ 0  1 20 10 14 20  2 10 17]
[20  2 14 12 17 14  4 24 13 24  4 12]
[ 4  2 14 20 20 17  3  1  8  6  3 15 14]
[13 20 20 24 13  4  4  0  1 24  4]
[20 12 15]
[ 4  0 15  1 14 14 10]
[13 22 14 17 10  0 20 24  4]
[ 4  8  0  0 24  4 20 10  2 24]
[ 4  2 10  4  4]
[ 0 12 20]
[14  8  4  3 13  3 20]
[ 4  4 20]
[22  4  1]
[ 6 14 24 11 25  6  7  6 11 15]
[ 6  4 13 16 12  8 12  6  6  6]
[ 0  4  4 24  4  3]
[14 17 13  0 10  8 24 13 15  8 14  4]
[20 11 25 25  8  2  0 11 19 16]
[ 4 13 20]
[14  1  1 11  4]
[24 12 15  3  4  7  4  4  2  2  0 11 11 24]
[14 10  4]
[ 0 12  8]
[20 25 25 11  4 12  4 13 24]
[20  5  5]
[13  0  4]
[17 14  9  4 22 12  7 14 13 24]
[14 17 12  0 19  8 12  0 19  8 14 13]
[13  4 14 12  5 14 17  3 14  1 11 24]
[14  7  4 17 13 11 13  6]
[17 14  9  4  2  4  8 14 13  0]
[ 1 11 14 15  7 14 20  4]
[ 8 18 24  0 14 11  8  5  8 14  3]
[4 4 7 4 2]
[17 14  8  4  2  4  7 14 22 18]
[ 0 11 24  4 11  2  4 11 11 24]
[ 6  2 14 12 15 17 10 18 18]
[ 0 17  4  3  4 17  6  0]
[20 24  6  8 13 20]
[14 11  2  0 13  8  2]
[13  3  0 18 12 15  8  4 11  8 25  4  3]
[14  1  1  8  4]
[ 4 17 14]
[14 20  4  4 13 11 20  4]
[20 12 15]
[20  2 14 12  0  2  4  3  0  1  4 24]
[ 0 12 15 24  4 23]
[ 0 23  4]
[4 0 3]
[ 4  2 15  0  4 25 13 14]
[ 4 20  4]
[ 0 13 15 20 24 18  3]
[13  4 14  0  4 14 17 12  0  7  1  3]
[13  0  1]
[ 4 14  3  4  2 19  8 14 13 18]
[22 14 14  8 13  6]
[4 4 3 0 4]
[ 4 14 24 12  4 17  4 18 18]
[ 4  4 10  4 17]
[0 4 0]
[ 1 21 20 11  0  4 15  4  1  6  4]
[ 2  0 13 18 17 14 17 13]
[20  0 12]
[ 4 17 14]
[ 0 23  8]
[ 4  3 17  1 14 14 10]
[0 4 4]
[13  4  0 15  4  2  3  2  3]
[20 18  4 11 15  8  4  0  4  8 14 14 18]
[13 20 14 17 10  0  1  8  4]
[ 4  0 13 18  3 14 17 12]
[24 12 15  0 12  7  4  0  8  4  4 17 11 24]
[15 15 17 14  0  4  7  8 13  6]
[14 17 12  0 11  8  4  0 19  8 14 13]
[14 17 12  6 11  8  4  0  6  8 14 13]
[13  4 14 13 24  4 15 20  4 13 19  8  4 11]
[13  4 14 12 17 14  4 11  3  1 11 11]
[ 4  2  6 12 15 17  4 18 24]
[ 4 17 14]
[24 12 15  0  4  7  4 22  8  2  0  4 11 24]
[20 24  0]
[ 4 21  6  8 13 15]
[13  4 14 13 18  4 15  0  4 13  0  7  4  3]
[12  9  8  4 17  3]
[14 24  4]
[ 4 13 20]
[4 4 4 4 4]
[14  0 15 11  4 24]
[14  1  1  6  4]
[ 8 12 15 20  0 11 19  5  8  4  3]
[14  1  1 11  4]
[ 6 18 11  8 19  8  4 25  4  8 14  3  6]
[14 11  2  0 12  8  2]
[ 0  1 20 18 14 20  0 11 20]
[ 4 14 24 17 14 15  1 24]
[14 24  4  0 13  8  2]
[ 4  8  6 10 13  5 20 11 11 14]
[ 7  0  3 14 22]
[24 12 15  0  0  7  4  0  8  4  0 11 11 24]
[24 10 20 11  3 15 10  0  3 24 24]
[ 0 10  4]
[20 24  0  3 13  4]
[12  1 17  0  2  4 18]
[ 0 13  6  0  4 18 13]
[11  1 14  3  0  4]
[14  0 12  0 13  3  8 12 24]
[ 0  2 14  8 12 14]
[ 6 14 24  8 18  7  4  6  3 19]
[ 4  4 14 20 13 19  0  1  9 11  8  4 24]
[13 15 14  0 13  2 10 13  0]
[ 4  2  4 20 13  4  0  1 11 11 15  3 24]
[20  5  4]
[13  2 14 13  0  4  4 20 25 13 17 11  0  2]
[13 20 20 11 13  4 11  0  1  6  4]
[ 0 12 15 24  4 24]
[ 4  0 12  0 14 14  4 13]
[20 18 13  8  5  9  2  0 12 19 14  0 18]
[15 15 17 14  0  4  7  7 14 24]
[11  4  6 20  4 11  7  4  8 12  0]
[13  4 14 17 10  0  3 24  4]
[14  0 12  0 13  3  8 12  6]
[20 25  0  4  0 12  4 13 24]
[13  4 13 15  4  2 10  3  3]
[13 18 20 11 13  4 17 20  1 11  4]
[14 25  4  6  4 13  4  0 12]
[ 0 21  4]
[4 4 7 4 4]
[14 20  4 17 13  8 13  6]
[ 0  3 17  3 14 14  4]
[20 24  6 16 12 18]
[14 22  4 17 13  4 13  6]
[20 24  6 11 13  6]
[12  8 19  4  4 20]
[14  8 24  7  4 17 12 11  3 25]
[ 0 13 14 20  0  4  7 13  6]
[ 0 22 20  8 12 18]
[20 13  4]
[13  4  4 15  4 22  0  4  4]
[15 14  8 11  8 12  6]
[ 4  4 10  4 17]
[14 12 12  0 13  3  8 12 24]
[ 0  7 20 11 14 20 18 11 14]
[ 4 22 20 16 12  6]
[3 0 6 4 2 3 3]
[17  5 25  7  3 19 20 11 11 18]
[20 24  6 19 13  6]
[20 12 15]
[13  0 14 20 13  2  8 13 24]
[20  7 11  8 17  7  4  0  1  8  4  0 18]
[20 25  4]
[15 14  4 11 11 13  6]
[ 6 14 13  8  6  5 13 14  8  4]
[ 0  4  0 11  4 12  4 13 19]
[14 22  4  4 22  8 12  6]
[ 4 20  0  4  4]
[ 4 20  8]
[20 17 17 14 20 13  3  4  5]
[13  2 10 10 13  6]
[ 4  4 14 12 15 17  4 18 18]
[0 4 4]
[ 2  2 14 20 13  7  4  1  8 19  8  1  6]
[14 11  2  2 13  8  2]
[ 4 13  4]
[ 4 13  0]
[ 0 10  4]
[14 17 12  0 11  7  4  0  4  1 14 13]
[13 13 14 20 13  4  7  4  6]
[20  5  5]
[14  1  1 24  4]
[13 13 14 20 13  4 11 13  6]
[ 0  4  7  8 13 24]
[14 12 15 24  4 24]
[13 20 14  0  4  0  1 24  4]
[ 0 13 16 12 24 18 20]
[14  0 12  0 13  3 25 13  6]
[24 12 15  0  4  1  4  0  9  2  0 11 19 24]
[14  1  1 11  4]
[ 8 18  6 20 13 11  8  5  8  4  3]
[ 0  1 22 19 14 22 18 11  6]
[17  7  6 10  4  4 20  4 11 24]
[ 0 10  4]
[12 20  2 15  8 12 14]
[24 12 15  0  0  7  4  0 10  2  0  3 19 24]
[ 0 12  8]
[ 0 11 11 13  0]
[14 12 15 24  4 12]
[ 0 12 12  0  4 20  8 12  6]
[ 4  3  0 20  4 13  0  4  3 24 18]
[ 4  0  4  1 14 14 10]
[20  6  6  9 13  6]
[ 6 17 12  0 11  4 25  0 19  8 14 13]
[10  8  1 13 18]
[ 0 24  4  0 13 17 14]
[13  4 14 23 10  0  1  8  4]
[ 0  2 10  8 12  6]
[ 0  4 12 15  4  2 15  4  3]
[ 4  9  0 21  4 13  4  4  7 13  6]
[10  8  2 13 14]
[ 7 18  6 20  0 11 25  4  7  4  6]
[0 4 4]
[11 18  6 14 20 11 19  5 15  4  3]
[20  8 25  4  8  4  0 15 11 24]
[ 0 13  4 20 20  7  7]
[ 0 23  8]
[ 0  5  4  4  4 17  4  0]
[ 4 13 20]
[ 7  0  3 14 20]
[20  0 12]
[12 11  4 19  4  0]
[22  0  1]
[20 12 15]
[14 12 12  0  0  3  8 13 14]
[ 2 10 20 14 22  6  4  4  6  0 12  4 13  4]
[12  7  2  0  4  4 18]
[17 14 11 15  2 19 16 14 13 18]
[13  0 14 10 13  2 10 13 24]
[ 0 12 15 20  8 18  7]
[15 15 17 14  0  4  7  8 13 24]
[ 0  5  4  4  4 15  8  0]
[14 23  8]
[ 0 13  4 20  8 18  7]
[ 2  4 13 14 20 11  4  3 24  4 12  4 13  0]
[15 15 17 14 20  2  7  8 13 20]
[14  2 14 20  0  4 13  0 23  4  0 12 24]
[14  8  4 15  7 14 13  4]
[13  2 14 13 18  4  4 20  4 13 19  8  0 11]
[ 3 24 15 24  4  0  4  4 23]
[ 4  0 11  0  4  3 13  0]
[20  4  4]
[20  7  4 24  4  4 24  3]
[20  3  1]
[11 18  6 20  0 11  8 10  8  4  3]
[17 14  8  4  2  4  8 14 13 18]
[15  4  4  0  4  4  7  8  0 14]
[24  6 14 20 25 13  0  6 10  6]
[ 4 18  0  4  0]
[ 0 10  8]
[ 7 14  3 14 22]
[ 0 12 15]
[20 24 24]
[ 7  0  3 14 20]
[17 14  9  4  4 20  8 14 20 24]
[15  5 15 14  0  2  7  8 13 14]
[ 0  4 15]
[ 0 10  4]
[20  0  4 14 20 12 14  4 14]
[ 0  4  4  0  4 17 19 13]
[ 4 14  6  5  0  6 10 15]
[ 0 13 15  0 10 18  4]
[20 18  1]
[ 0 10  4]
[ 2 18  6 20  0 11  8  5  7  4  3]
[14 20 13 14 22  8  4 20 15  0 12  4  0 12]
[ 4  7 13 14 22  8  4  3 24  4 12  0 12  0]
[ 4  0 10  0 12  8 12 24]
[13 20 14 17 20  0  7  4  4]
[4 4 7 4 4]
[14 12 12  0 13  3  8 12 24]
[ 0 11 25  4 11  2 14  5 11 14]
[ 4 18 14  0 12  5 20 24 19 24]
[ 4  4 14]
[ 4  4 18 14 17]
[20  0 23]
[ 6 14 13 11  0 19 13  6 11 24]
[17 14 11 25 15  5  7 14 20 17]
[ 4 22 20]
[ 4  2  0 12  4 17  3  0  3]
[14 12 15 11  4 23]
[ 4 20 13 18  5 14 17 12]
[15  4 17 14  0  4  3  8 12  6]
[ 6 12 15 14 20  7  4 13  8  4  0 11  6  3]
[14 20  1 11  4]
[ 4  2 14 12 15  4  4 18 18]
[ 4  4  4  4 17]
[15 15  4  0  3  2  7  8 12  6]
[ 4  0  4  1 14 14 10]
[13  4 14 13 18  4  6 20  4 13 19  8  0 11]
[14  0  4  0  4  0  4  8  4  4 11  6]
[ 4 17 14]
[13  4 25 13  4  2  4  4 20]
[13  7 20 11 13  4 17  0  1  8  4]
[ 2 20 20  2 13 14]
[15 14 10 24  7  3 24]
[20 11  4 25  6  4  0 11 19 24]
[ 4 22 21  8 12  6]
[20 24 25]
[20  0  4]
[ 4  0  4  1 14 14 10]
[ 4 14 14 20 24  4  4  4 18]
[24 11 14 15  7 14 13  4]
[20  0 12]
[14 11 14  0 13  7  4]
[ 4  2 14  0 15 17  4 18 18]
[20  6  6  6 14  6]
[22 12 15]
[15  8  6 10  4  4 20  6  8 14]
[14  2 10  4 13 24]
[24 12 15  0  4  7  4  0  8 14  4  6 11  6]
[ 2 10 13 14 22 11  0  3 14  0 12  4 13  8]
[ 0 14  0  4  2  4 18 14 20 18]
[20 18 24  3 15 24  2  4 15  8 14 13  4]
[13 22  4 13  1  4  3 24  0]
[ 4 20 24  5 10  0  1 11  4]
[17  0 13 18  5 14 17 12]
[14 24 12  0 19  8  4  0  6  8 14 13]
[ 4  2 14 12 15 21  4 18  7]
[ 4  2 10  8 13  6]
[14 12 19 20 17  0  4  8 20  4 11 24]
[ 4  4 17  1 14 14  7]
[14  4  4 17 13  8 13  6]
[ 0  2  0  8 13  6]
[ 0 13 15 20 10 18 20]
[ 4  0 13 18  4 14 10  0]
[14 21  4  4 13  8 12  6]
[20  3 20  4 11 17 10  0  4  7  0  4  3]
[20 12 15]
[20 24  3  8  4 12  4 13 19]
[20 11  6 25  8  4  0 11 11  6]
[ 2  2 14 20 13  8 24  4  9  3  8  5 24]
[ 4 13  0]
[14 11  2  4 13  8  4]
[ 0  4 13  8 12  6]
[ 4  0  4  1 14 14 20]
[17 14  3  4  0  4  8 14 13  0]
[14 14 13  8 23  8 13  0 11 24]
[ 0 10  4]
[14  1  1 11  4]
[ 4 14  6 17 14 15  7 24]
[ 8  3  3  8  4 25]
[ 0 24  8]
[ 4  0  4  1 14 14  3]
[ 0 10  4]
[ 6 11 14 15  7 14 13  4]
[15 14  8 19  8 13  6]
[14 12 15  0  4  0  0  4 22  4 11 24]
[ 3  0  0  8 12  6]
[14 11  4  0 13  8  2]
[ 0 13  6 20  8 18  7]
[13 22 14  4  4  0  1  4  0]
[13 18 10 19  5  7  4  0 19  7 14 13 18]
[14  1 10  8  4]
[ 0 24  4  0  4  2  8 13]
[12  1 17 12  2  4 18]
[ 8 18  6 20  0 11  8  4  8  4  3]
[ 4 14  6  4  0  4  0 24]
[14 11  4  0 13  8  4]
[22  0  1]
[ 0 10  4]
[20 24 19  8  4 12  4 13 17]
[13  6 20  2 14 20 18  2 23]
[17 14  1  4  2 19  8 14 13 18]
[13 13 14 20 13  2  8 13  6]
[13 24 20 11 13  4 17  4  1 11  4]
[ 7  0  3 14 22]
[14  1  1 11  0]
[20 18 10 10  0  2 13  2  4 25]
[13  2 14  0 18  4 11 20  4 13 24  8  0 11]
[14 15  2  0  4 18  2]
[24 12 15  4  6  7  4 11  8  2  0 11 11 24]
[ 0 10  4]
[14 11  2  0 14  8  2]
[14 20 15  4 13  8 13  6]
[ 0 23  8]
[ 2  8  3  6 12 25  4  3 24  4  7  4 13  4]
[20  8  6 13 11  4  2 10 15  6]
[ 7  8  6 13  6]
[ 0 12 15  0  4  0  4  2 22  0 11 20]
[20  4  4]
[14 21  4 17 13  8 13 18]
[ 4  9 20 20 15 20  0  3  7 20 24]
[ 0 10  4]
[14 17 12  0 15  8  4  4 19  8 14 13]
[13 22 14 21 10  0 14 11  4]
[20  4  5]
[14 12 12  0  0  3  8 12 18]
[10  8  1 13  6]
[0 4 4]
[ 4  4 13  0  4]
[ 7  6  3 14 20]
[17 14  8 14  2  1  8 14 13 18]
[22 13  4]
[13  3 20 18  1 17 11  0 11 15  2  4  3]
[ 0  3 20  0  4 17  8 13 11  8 12  0  3]
[ 0 23  8]
[14 10  4 17 13  8 13 20]
[20 12 15]
[ 4 21 21  8 12 15]
[ 0 10  4]
[ 0  4 10 14  4]
[13  2 14 12 15 14 17  3  0  1  4 15]
[20  8 12 25  8  4  0 11 11 14]
[12  8  4  4  4  3]
[13 13 14 20 13  2  8 13  6]
[17 14  3  4  2 24  8 14 20 18]
[13  4 23 15  4  2  0  4  3]
[ 4  2  0 12 15 17  2  1  3]
[ 4 17 14]
[ 6  8 14 15  7 14 13  4]
[14 12 15 11  4 23]
[22  4  1]
[ 0 12 15]
[ 0  1 13 11 14 20 18 11 24]
[ 0 23  1]
[ 1  8  8 12  6]
[14 12 12  0 13 10  8 12  6]
[ 4  0 12 18 17 14 17 12]
[13 20 20  2 13  4  4  0 24  2  4]
[17  0  0  4 15 14  0 12]
[ 4  4  6  4  0 15  7 24]
[14 12 15 13  4  0 19  8  6  4 11  6]
[ 0 21  8]
[13  0  3 14 20]
[ 4  0 17  1 14 14 13]
[ 6 14 14  8 25  8 12 24 19 24]
[ 4  4 13 14 20 24  4  3 24  4 12  4 13 12]
[20  1 20  8 14 20  0 11  6]
[ 8 14 14 11  0 12]
[12 22 20 16 12  0  4  0 20 11  4]
[13  3 20 18  4 17 11  0 11 11 25  4  0]
[14  8 14  0 25  8  2]
[14 11  4  0  0  1  2]
[ 0 13 11]
[ 4  0 17  1 14 14 10]
[ 0  0 20  2 14 20 24  2 17]
[10 15  8 13 20]
[ 2 13 13 14 22  6  4  3 24  4 12  4 13  4]
[20  6  4  8 15  8  2  3 24  1 14 13  6]
[15 14  8  4  7  0  6]
[ 4  0 12  0  0 14 17 12]
[14 21  4 17 13  8 13  6]
[ 0 14 11  3 17  8 13 20]
[20  5  4]
[14 11  2  0 13  8  2]
[17 14  8 11  8 13 24]
[ 0 12  4]
[ 4 20 20  8 12 25]
[ 4  6  6  5  0 14  7  6]
[15 14  8 19  8 12  6]
[ 4  0  4  0  4  8 13 24]
[ 4 13  4]
[13 14 14  0  4 14 17 12  0  1 11  6]
[ 4 14  6 17 14 15  7  6]
[ 4 21 21  8 13  6]
[ 0 12 15 10  4 17]
[14 12 12  0 13  3  8 12  6]
[13 20  0 11 13  4  2  0  1 11  0]
[ 4 14 24 17 14 15  7 24]
[20 13 14 20 13  2  8 13  6]
[14 12 15  0  4  0  4  8 20  4 11 24]
[13  2 14 12 19 14  4 11  0  7 11  0]
[ 4 24  4]
[10 14 19 13 15]
[12  1  2  0  4  4  6]
[15 14  8 11  8 13  6]
[ 7  0  3 14 20]
[ 4  2  3  0  4 25 13 24]
[17 14  8  4  0 19  8  0 13 14]
[ 6 14 13  8 25  5 13  6 11 24]
[20 12 15]
[15 24  3 24 18 13 14]
[15 14  8 11 10 13  6]
[ 3 18  6 20  0 19  8  4  2  4  3]
[14 12 15  0  4  0 19  8 21  4 11 24]
[14 17 12  0 11  8  4  0 19  8 14 13]
[14 14  6 17 14 15 10 24]
[20  6  6  8  4  6]
[20 15  5]
[4 5 5]
[14 24  4  3  0  7  4]
[ 0 12  4  0  4  0  0  8 22  4  4 22]
[14 23  5]
[ 0  4 14 20 13  4  0  1 19 11  8  4  4]
[20  6 24  8 13  6]
[20 17 17 14 20 14  3  4  3]
[14 12 15 11  4 24]
[ 6  3  3 25 13 24]
[ 4  2 10  0  4  8  4  6]
[ 6  0 15  0  4  7  4  4 15  2  0  3 19  3]
[ 4 20 20 20  0 13  0 20  8 12 24]
[20 24 12  8  4  8  2  0 12  8 14 13 18]
[ 4  0 25 17 12 15 20 24]
[ 4 17  4]
[ 0  1  0 11 14  0  1 11 14]
[ 4  2 14 20 13 20  0  1  8 19  7 21 23]
[ 4  1 20 20  4 13  0  4  7 13  6]
[ 4 15  4 14  0  4 13  4 22  4]
[ 4 25 14]
[10  1 10  8 12 24]
[0 4 4]
[24  4 13  7  4  7  4  6 19 24]
[ 0 10  0 10 14 20 18 11  6]
[ 0 12 15]
[14 13  6 20  8 18  7]
[ 0 23  8]
[24 12 15  0  4  7  4  4  1  2  0  5 11 24]
[ 0 12 15]
[ 0  4 14  0  4 10  4 18 18]
[ 0  5  4 24  4 17  8  0]
[14 18 20 17  4  6 22 24]
[ 4  0  4  1 14 14 20]
[24 12 15  0  4  1 14  4  4  0  4 11 11 24]
[ 6 14 12  6  3  8 13  6 10 24]
[13  7 14 13  7  4  6  0 15 13 19 11  0 11]
[22  0  1]
[ 4  2 14  0  3 10  0  3 24 24  7 23 24]
[20 24  6  8 13  6]
[ 0 15  4 18  4 17  3  0]
[20  5  5]
[22  0  1]
[ 0 12 15  8  4 23]
[0 4 4]
[15 14 11 11 19 13  6]
[ 0  5  4  0  4 15  8  0]
[14  0  4  2  4 23]
[14  4  2  0  0  4  2]
[14  0 12  0 13  7  4 13  6]
[ 6  2 24  4  5 14 15 20  0  1 11 24]
[ 4  4 10  4 17]
[ 0 14  3  8 13 15]
[13 21 20 11 13  4  4  0  1 11  0]
[ 4 13  4  0  4  6  4]
[ 7  0  3 14 22]
[15 14  8  6  8 13  6]
[20 12 15]
[20 24  6  8 13 24]
[ 4 11  2  0 13  8  4]
[0 4 4]
[14  0 12  0 13  3  8 13  6]
[ 4  4  7  4 17]
[20  8  8 13  6]
[ 4  2 14 20 20 24 13  0  3  2 11 17 12]
[ 4  1 11  4 17  9 13  6]
[20  6  6  8 13 14]
[20 12 15]
[10  2 14 12  5 14 17  3  0  1  6 24]
[14 12 15  0  4  4  0  8 20  4 11 24]
[ 0  1 20 24 14  0  3 21 24]
[24 12 15  4 19  7  4 10  8  2  0 11 19 24]
[ 0 11 14 17  3 14 13  4]
[ 9 18 16 20  0 11  8  5 11  4  3]
[20 24 24 19 13  6]
[ 0  4  4  4  4 17  8  0]
[ 8  3  3 15 13  6]
[15  0 13 18  5 14 17 12]
[14  1  1 11  4]
[15  5 15 14  0  2 10  8 13 18]
[20 20 20 14 20  1  4  0 18  2 12  2 12 24]
[ 4  2  2 13  0 11 20  0]
[ 6 14 13  8  4  8 12 24 24 14]
[14 17 12  0 19  8 18 12 24 19 14 13]
[ 4 11 15  7  4  0 12  6 11  6]
[15 14  8 14  8 12 10]
[12  7 24  7 19  5 20 11 24 24]
[ 7  3 20 24 13 24]
[13 21 20 11 13 24  4  0  1 11 19]
[13  4 23 15  4  2  0  4  3]
[10 14 20 13  0 15 13 17]
[ 4  2 14 20  0  4  0  1 18 11  8  0 24]
[13 20 20 11 13  4 17  0  1  6  4]
[ 0 12  2]
[0 4 0]
[ 0 12  6 20  8  6  7]
[ 0 12 23]
[13 13 14 20 13  4 25 13  6]
[14 17 12  6 11  8 25  0  6  6 14 13]
[13 18 17  7  5  8  4  0  4 19 20  2  6]
[ 4 17 14]
[20 17 17 14 20 13  3  4  3]
[ 0  4  7  7  4 22]
[ 4  4 20 20  0 12  0  7 11 11  8 19  3]
[0 4 4]
[ 7 18 15  1  4 11  8  5  7  4  7]
[13 22 14 17  4  0  7  8  4]
[ 4 21 20  8 13  6]
[22 12 25]
[14 12 15 10 17  0  1  8 20  4 11  6]
[ 0 13 15  0 19 18  7]
[24 12 17  0  3  7  4 19  8 14  0 11 11 24]
[ 0  3 20 11 14 20  6 11 24]
[ 7  7 20]
[12  8  4  6  0 10]
[10  8  8 13  4]
[13 14 14 20 12  2  8 12  0]
[20 17 17 14 20 13  3  0 10]
[10  8  8  4  4]
[ 0 12 15]
[ 8 18 18 20  0 19  8 15  8  4  3]
[20 20 15]
[24  3 14 15 13 14 13 18]
[25 13  6  0 10  0  7]
[13 22 14 15 10  0  1  4  4]
[0 4 4]
[ 6 14 13 20 24  8 13 15 24 24]
[ 4 20 21  8 13  6]
[ 4  8 22 21  4  4  0 18 10 20 24]
[13  4  4 15  4  2 19  4 20]
[ 4  4 10  4 17]
[22  0  1]
[ 4 14  6  4  0 15  7  6]
[ 4 14  6  4  0  4 20 24]
[ 0 24 24 10 14 24]
[14 13 15]
[ 4  1  8 13 24]
[20  0  3 14 22]
[ 4  0 20]
[20 17 17 14 20 13  3  4  3]
[22  0  1]
[ 6  2 10  8 13  6]
[15 15 17 14  0  4  7  8 12  6]
[20 18  6]
[12 18 14  0 10 18  1 11  2]
[ 4  4 10  4  4]
[ 4  4  0 12 15  2  0 18  6]
[14 17 12  4 15  8 25  4  6  8 14 13]
[14 20  8]
[20 17  4 14 20 25  3  4  0]
[12  0 22  4  0  4  0 12 24]
[20  4 15]
[14  0 12  0 12  3 18  0  1]
[ 0  4 11  4 17  7  4 18]
[ 0 24  8]
[20  0 12 19  0 12  0 12 19]
[ 8  3  3  8 12  6]
[ 4  4 14 12 15  2  4 18 18]
[ 2  8 18  1 24  4 22 16 19 18]
[ 0 12 15 24  4 17]
[ 4 14 24 15  0  4  7 23]
[ 4  4 20]
[17 14  8  4  2  4  8 14 13 18]
[13  4 14  0  4  0  8  4 18]
[20 24  3]
[ 3  1 20 11 14 20 24 11 24]
[ 0 10  1 24  4]
[14 14  4 17 13  8 13  6]
[ 7  0  3 14 22]
[0 5 4]
[13  0 23  0  4  4 25  4 22]
[ 4  1 14  8 14 20 18 11  6]
[15 15 17 14  0  4  7  8 13 14]
[22  0  1]
[ 6  6 13 11  0 19 13  6 19 24]
[20  7 20 11 14 20 18 11 21]
[14 12 15  0 17  4  0 11 20  4 11 15]
[ 4  0  4  0  4  0  4  8 22 23 20 24]
[14 17 12  0  6  8 25 14 20  8 14 13]
[24  4 14 15  0 14  0  4]
[ 0 12 15 24  4 23]
[14 20  4  0 12 24 12  6]
[17 14  9  4  2  3  8 14 13 18]
[22 14  1]
[20  2 11  0  2  8 12  6]
[ 4  2 11  0 17  8 13  6]
[15  5 17 14  0  4  7  8 13 24]
[ 8  3 24  8 12 18]
[13  3 20 18 20 17  8  4 24 24 14  4  3]
[15 15 17 14  0 14 13 19 13 24]
[ 4 25 17 14  0  4  7  8 13  6]
[20  0  1]
[ 7  0  3 14 22]
[ 2  4 13 14 22  2  4 14  0  4 12  4  0  4]
[ 0 24  8]
[ 0  4 23 15  4  2  4  4  3]
[20  5  5]
[14  7  4 17 13  8 13  6]
[14 17 12  0 11  8  4  0  4  8 14 13]
[ 4  0 12  1 14 14 10]
[14 12 15  0  4  0 19  8 20  4 24  6]
[ 8 18  6 20  0 11  8 24  8  4  3]
[10  8  8 13  6]
[14 17  4  0  3  3 25 20 24  3 14 13]
[20 18  0  8  0 25  2  0  4  8 14 15 18]
[ 0  4  7  8 12  6]
[13  4 23 15  4  2  4  4  3]
[20 12 15]
[20 18  0 10  5  8  4  0 24  8 14 13 18]
[ 0 12  6 14  8 18  7]
[13 20 20 11 13  4 17 12 20 11  4]
[14 20  4 17 13  8 13 24]
[20 24 18 24  4 12  4  4  0]
[ 4  0  4  1 14 14 10]
[13 13 14 20 13  4 11 13  6]
[14  1  1 11  4]
[24  8 14 15  7 14 13  4]
[20 17  7]
[24  3  1 24  4]
[17 20 24  7  4  5 20 11 11 24]
[22  4  4  3  4 25  3]
[ 4 20 17  1 14 14 20]
[13 13  4  0  4  0  8 13 24]
[13  2 14 12  5 14 17 19  0  7  4 24]
[20 25  4 11  0 12  4 13  7]
[12  1  4  0  2  4 18]
[12  2  0 12  5  0  4 17 18  2  1 24]
[ 4 21 20  8 20 24]
[17  3 24  7  3 15 13 11 11  6]
[ 0 10  0]
[ 4  6 20 21  4 13  0  4 19 13  6]
[12 15  8 12  4 24]
[ 0 11 15  0  4]
[12  1  4  0  2  4 18]
[ 4  2 14]
[20  8 12 24  8  4  0 11 15 24]
[ 4  4 14 12 13 17  4 18  0]
[13  3 20 18 24 17  8  0 11  8  4  4  3]
[ 4 22  6 17  4  0  1  4  4]
[13 22 14  4 10  0  1  6  4]
[14 11  2  0 13  8  2]
[14 12 15  0  4  0  4  8 20  4 19 24]
[ 8 24  6  4  0 11  8  5 15 15  3]
[14 21  4 18  4  8 12  1]
[ 4  2 15  0 15  8 20 24]
[ 0 12  6 22  4]
[0 4 4]
[ 4  4 25  4  4]
[ 0  1 20 11 14 20 18 11 24]
[0 4 8]
[20 18  0  8  0  3  2  0  0  8 14  0 18]
[20  0 12 11  4 12  0 13 19]
[15 14  8 11  8 12 24]
[ 0  2 10 19 13 24]
[ 4  0 17  1 14 14 10]
[ 0  2 10 15  0  6]
[ 4  0 13 22  5 14 17 12]
[ 4  4  0 12 15  0  4 18 18]
[11  3  3  1 13 14]
[ 4  4 15  0  4 11 13  6]
[17 14  9  4  2  4  1 14 13 18]
[20 24  4]
[12  0 10 13  8 18 10]
[ 4  1 20 11  4 20 18 11  6]
[12  1  4  0  4  4 18]
[20  5 17]
[10  9  8 13 20]
[14  1  1 11  4]
[20  6  6  8 13  6]
[ 4  0 12  1  0 13  4]
[ 4 17 14]
[14 12 15  8  4 23]
[13  4 14 12  5 14 17  4  0  1 11 24]
[20  8 14 15 13 14 13  4]
[ 7 18 13 20  0 25  7  5  8  4  1]
[20  8  4]
[ 0 24 15]
[ 4 13  0]
[ 6 14 24 19 24  8 13  6 11 24]
[14 11  2  0 13  8  2]
[20  4  3  9  5 25  2 14  7  3 14 13 18]
[17 24  0  4 24  5 22  1 10 15]
[17 14  8  4  2 19  8 14  0  4]
[13  0  4  8 12  6]
[14  1  1  6  4]
[24 12 15  0  3  7  4  3  8  4  0  3 25 24]
[13 13 14  0 13  4 11 13  6]
[ 4  4 11  0  4  8 12 24]
[14  0 12  0 13  3  8 13 24]
[20  1 18 11  4  0  4 13  4]
[20 24  6  8 13 24]
[ 7 20 20 14 22]
[12  1 17  0  4  4 18]
[ 4  2 14 12 15 10 15 20 18]
[14 20  0  4 13 24  4  6]
[20 17 17 14 20 13  7  4  3]
[ 4  0 13 18  5 14 17 12]
[ 4  0 13 18  5 14 17 12]
[13  3 20 18  0  4 11  4 17  7  4  4  3]
[ 6 14 13  7  4  8 12 24 19 24]
[20  0  1]
[14 11  2  0 13  4  2]
[ 0  6  4  7  5  8  2  0  4  7 14  0 18]
[ 0  4 23  4  0  4  7  4 10]
[ 4  0 12 18  5 14 17 12]
[ 0  2 10 19 13  6]
[ 7  4  3  0 22]
[20  2 17  4 22 12  0  4  0]
[ 4  0  4  7 14  0  4]
[14 11  2  0 12  8  2]
[ 4 22 21  8 13  6]
[ 4  4 11  0 17  8 13  4]
[ 4 17 14]
[ 0  4 10  8 20  6]
[14 24  2  0 13  8  2]
[17  8  6  1  3  4 20 24 24  6]
[13  0  3 14 22]
[ 4  2 11  0 17  8 13 24]
[ 4  4 25  4 17]
[ 7  4  3 13 22]
[ 0 23  8]
[13  2 14 12  6 14 17  4  0  7 11 24]
[17  8  6  7 19 18 20 11 11 24]
[0 4 4]
[13 13 14 20 13  2  8 13  6]
[ 0  4 12  0  3  8 24  4 20  8 14 13]
[ 7 14  3 14 22]
[ 4 14  6  4  0 15  7 24]
[ 4 17 14]
[15 14 14 17  5 24 15 10  0  1 11 24]
[ 4  0  4  1 14 14  4]
[10  8  2 13 20]
[ 0 25  4]
[ 4  2 14 20  0 12  0  1  8 10  8  0  3]
[20  1  4 17 14  0 18 24 20]
[17  8 24 13  6  5 20 11 19 24]
[13 20 20 11 13  4  4  0  7  4  4]
[10  8  8 13  6]
[ 4 17 14]
[17 14  3  4  2 17  8 14  0 18]
[15 14  8 11 11  0  6]
[20 17 17 14 20 13  3  4  3]
[ 0 10  9]
[13  1 20  4 25 15  8  0 15  8 24  4  3]
[ 0 18  0 20  0 20 23 17  0  4  0]
[20 18 24 19  4 18 20  0 12  6 22 13 18]
[ 4 18 24 20  0 10 23  5 23  4  0]
[ 7  0 10 14 22]
[ 0  1 20 11 14 20 24 11 24]
[15 14  8 11  8 14  4]
[15 13 17 14  0  2  7 11  0 10]
[ 7  0  3 14 22]
[ 4 15 17 14  0  4  7  8 12  6]
[ 0  4  3  7 14 20]
[12  8  3  0  4  3]
[10  8  8 12 24]
[ 4  8  6 10  0  4  0  4  4  6]
[ 4  2 14 12 15  5  4 18 18]
[20 24  6  8 13 24]
[13  0 14 20 13  4  0 13  6]
[ 8  3  3  8 13 24]
[12  1  2  0  4  4 18]
[ 2 13 13 14 22 11  4  3 24  2  0  4 13  4]
[ 6 14 13  8 12  8 12  6 11  6]
[13  4 14 12 15 14 10  4  0  1 19 20]
[22 20  1]
[ 0 10  4]
[14 20  4 15 13  8 13 20]
[13 21 20 16 14  4 17 14  1 11  4]
[ 8 12 15 20  0  4  7  0  8  4  3]
[13 20 14 10 10  0  1 11  0]
[20  4  0]
[13  4 23 15  4  2  7  4  3]
[ 4  2 14 13  4 17  4 14  0]
[ 0 17  4]
[20 25 25]
[20  5  5]
[20  6  6  8  0  6]
[ 4  2 14 20 13 19  0  1  8 19  8 19 24]
[14  0 15 11  4 23]
[ 7  8  8 20 24]
[0 4 4]
[0 4 4 4 4]
[ 4 17 14]
[ 4 22 14 17 10  0  1 11 14]
[ 4  4  0  4 14 17  7  4]
[14 18  4  7  5  7  4  0  4  7 14  0 18]
[14 17 12  0 11 11 25  0  0 10 14 13]
[17 11 15 10 15  4 20 11 11 24]
[10  1  8 12 24]
[ 0 23  8]
[14  1  1 11  4]
[ 0 10  4]
[20 11 24 24  4  2 13  7  4 24]
[15 14  8 11  8 20 24]
[ 6 14 13  8 23  8 13 24 19 18]
[22  0  1]
[20 17 17 14 14  0  3  4  3]
[ 0  6  4  0  4 17  8  4]
[10  8  8  0  6]
[12  2 14 12 15 14 17  6  0  4 11 19]
[ 4  8  4 11  6 21  7 19 15]
[ 4 14  8 19 10 13 24]
[ 4  2 14 20 20 15  0  1  3 25  7 15 24]
[ 8  3  3  8 13 20]
[ 0  7  4 11 14 20  7  8 14]
[ 4 14 24  4  0 15  7 24]
[20 24  4]
[10 19  7  4 18]
[ 0  4 11  0  4 11  4 18]
[ 6 11 14 15  7 14 13  4]
[14  0 12  0 13  3  8 13 24]
[13 21 20 19 13  4 17 20  7  6  4]
[20 24 24  6 13 24]
[ 0  1 20 11 14 20 24  6 24]
[ 4  8  8 13 14]
[13  0 10 15  4  2 24  4 20]
[14 11  2  0 13  0  4]
[ 0  4  6  0 18  4 15 14 15 24  4  7  4 24]
[20 24  6  8 12  6]
[17 14  9  4  2  0  8 14 12 18]
[ 0 23  8]
[ 7  8  8 13 24]
[4 4 7 4 4]
[17 14  9  4  4  0  8 14 13 18]
[ 4  0 17  3 14 14  4]
[14  7  1 11  4]
[20 24  6 14 20 24  3  4  0]
[20  4 14 20  6  4  6 20  4 20  5 10  0  4]
[ 0  4 12  0 19  8 24  0 18  8 14  0]
[0 4 4]
[13  4 23 15  4  0 19  4  0]
[ 4 20 20 15 20  4]
[ 0  5  0  8  4 17  0 12]
[20  8  4 25  8  4  0 11 11 24]
[13  4 14 12 15 14  4  0 12  1 11 24]
[ 0 13 18 20  8 17  7]
[13 13 14 20 13  2  8 12 24]
[14 22 15  8  4 23]
[ 0 20 20 11  0  4 17 12 20 11  4]
[14  1  1 11  4]
[24 15 17 14  0  4  7  8 20 24]
[14 12 17 11  0  0]
[ 8 19  8 13 24]
[15 14  9 11  8 12  6]
[20  5 17]
[ 6  0  4  0  1 10 15 11  8  4  0 11 11  6]
[20 24  4]
[ 2 10 13 14 14 11  4  3  6  4 12  4 13  4]
[ 4 13  6 20  4 18  0]
[ 4  0 17  3 14 14  4]
[14  7  1  6  4]
[14 20  4 23 13  8 13 20]
[14 12 12  0 13  3  8 13 20]
[ 0 10  4]
[12  1  4  0  4  4 18]
[13  7 20 11 13  4  4  0 20 11  4]
[20 25 25 11  0 12  4 13  4]
[ 4 14 11  0 15  8 12  6]
[20 24  6 11  0  6]
[13 13 14 20  4  2 10 13 24]
[0 7 4]
[ 8 18  6 20 14 11  8 15  8  4 20]
[13  4 14 13 18  4  6 20  4 13 19  8  4 11]
[14 11  4  0 13  8  4]
[ 0 12  6 20  8 24  7]
[13 21 21 11 13  4  4  0  1 11  4]
[ 0 13  6 20  8 18  7]
[ 4  4 11  0 17  4 12  6]
[ 2 10 13 14 22  8  4  3  6  4 12  4 13  4]
[4 4 7 4 4]
[ 2 10  0 24  4  6  4 20 24  4  0  4 13 24]
[13  2 14  0  4 14  4  6  0  1  3 24]
[12  8  0  0  4  3]
[14 17 12  6 11  8  4 14 15  8 14 13]
[20 24  6  8 13  6]
[24 12 15  0  4  7  4 20  8  2  0 11 11  4]
[ 4 17 14]
[20  8  4 25  8  2  0 11 15 24]
[13 13 14  0 13  2  8 13  6]
[13 23  4]
[ 0 23  8]
[ 7  8  9 13  6]
[ 4 13  4]
[ 0  1 20 11 14 20 18 11 24]
[14 11  2  0 20  8  2]
[ 4  1 17  0  4  4 20]
[0 0 4]
[ 0 24  7]
[14  8 24  7  3 17 20 11 11 24]
[ 0  3 20 24 14  0 18 24 24]
[ 4  0  4  1 14 14 10]
[4 6 4]
[13 17 14  0 15 14  3 10  4  7 11 24]
[14 17  4  0 13 17  2]
[20 12 15]
[20 24 10]
[15 24 14 24  3  6  0  4]
[22 21 14]
[17  7  4  1 24  4  0  4 16 12]
[ 0  5  4  4  4 17  8  4]
[24 12 15  4  0  7  4  6 11  2  0 11 11 11]
[12 13 17 12  2  4 18]
[ 8  3  3  8 14 14]
[ 0 19  4]
[ 0 10  4 24  4  0  4 14 24]
[11  3  3  8 13 24]
[20  0  4]
[ 4  0 10 14 17]
[15 14 11 11 11 13  6]
[ 5 15  8 14  0  4  4  8  6  6]
[ 0  4  2 24  4  2  3  0]
[13 13 14 20 13  2  8 13 14]
[ 4 13 20]
[14 19  2  0 13  8 14]
[14 11  2  0 13  8  2]
[20 25 19]
[ 4 14  3  4  4 25  7 14 13 18]
[ 4  0  4  1 14 14 10]
[24 14 13 20  0 10  4  0  4 20]
[20  4 23  4  4  2  8  4  3]
[14  0  4 11  4 23]
[13 20  0  0 13  4  8 12 14]
[20 25  7]
[14 12 15  6  0 12]
[13  0 14 20 13  2  3 13  6]
[ 0 10  4]
[20 25 10]
[14 17 12  0 11  8 25  0 13  8 14 14]
[ 4 11  4 22  2]
[14 14 15  0  4]
[20 23 23  8  4 12  4 13  1]
[13 13 14 20 13  4  8 14  6]
[20  4 15]
[12  1 17  0  4  4 18]
[14 12 15  6  0  6]
[ 7  0  3 14 22]
[20 20 17]
[ 4 18 14  7 19 17 20 24 11  4]
[14 25  2  0 13  7 20]
[ 4  4 11 25 17  2 13  6]
[14  7  1 11  4]
[17  8 14  7 24  4 20 11 11  6]
[ 4  0  4  7 14  0  4]
[24 14 13  8  4  8  0  6 11 24]
[20 25  4]
[ 4 14  8  4  2 24 11 14 13  6]
[13  2 14 13 18  4  6 20  4 13 19  8  0 11]
[15  8  4  1  4  4  0  3 24  6]
[14  7  4]
[4 0 3]
[0 4 0]
[20  5 15]
[20 25 23]
[20  5  5]
[ 4 14 24  4  0 15 14 24]
[ 4 20 13 14 22 11  4  3  6  4 12 15 13  0]
[20  7  6  8 20 24]
[ 4 17 14]
[ 4 15 14]
[ 0  4 10 15  4  2 24  4 22]
[15  6  8 11  8 12  6]
[ 6 14  4  7  3  3  0 14 24 24]
[ 0 10  4]
[13 21 20 11 13  4 17 12  1 11  4]
[13 22 14 17 10  0  1  8  4]
[0 3 4]
[ 4  8  6  7 20  5  0 11 11 24]
[20  8  4 19  8  4  0  6 11 24]
[0 4 0]
[24 11 14 15  7 14 13  4]
[4 4 7 4 4]
[20 24 10]
[13  4 14  0  5 14 17 15  0  1 11 24]
[ 4 14  8 11  8 12  6]
[ 4  0 20]
[15 14  8 19  8 20  0]
[ 4  0 13 18  5 14 17 12]
[ 4  2 24 14 17  3  3  6]
[14  7  7 11  4]
[14 10  2  0  4 11  2]
[14  0  4]
[15  4  6  3 24 15  4 18 18]
[ 4 13  4]
[13  3 20 18 18  2  8  0 11  8  4  4  3]
[20 17 17 14 20 13  0  4  3]
[ 0  1 17 14  4  4 18]
[17  0 12 18  0 14 17 12]
[13 20 14 17 10  0  1  8  4]
[24 12 15  0  5 13  4  4  8  2  0 11 11 20]
[13 13 14 20 13  4 25 13  6]
[13  2 14 12  5 14  4  0  4  1 11  6]
[4 4 0 4 4]
[20 24  5]
[20  4  1]
[10  1  8 13  6]
[ 5 14  8  4 22  0  1 14  0 18]
[17  0  4 18  5 14 17 12]
[ 4 13  0]
[20  5  5]
[20 25  4 11  4 12 19 13 19]
[10  0  3 14 22]
[14  1  1 11  4]
[ 0 13  6  0  8 18  7]
[24 12 15  0  4  7  4 20  7  4  0 24 24 24]
[20  8  4 25  8  2  0 11 11 22]
[ 4 13 20]
[ 2 10 13 14 20 11 15  3 15  4 22  0  3 17]
[14 12 15  0  4  0  4  6 21  4 11 24]
[ 7  0  3 14 22]
[ 0  2 10  8 13 24]
[13 20 20  8 13  4 21  0  1  6  4]
[12  8  4  0  4  3]
[ 4 13 14 14 13  2  8 13  6]
[ 4  2  0 12 15 17  4 18 18]
[22  0  1]
[20  0  0  8 17  2  2  0  0  8 14 14 18]
[14 12 12  0 14  3  8 12  6]
[14 12 15 11  4 23]
[14  8  4  0 13  8  2]
[15 14  9  3  8 12 20]
[20  2  0 12  0  4 19  0  4 13 19  8 12 11]
[24 12 15  8 12  0]
[20  0  1]
[ 0  1 20 16 12]
[13 22 14 17 10  0  1 11  0]
[ 8 18 11 20 20 11  8  5 25  4  3]
[13 22 14 17  7  4  1 24  4]
[ 0 12  8]
[20  2 17 14 20  0  3  4  3]
[ 4  2  6  0  4  8 13  6]
[ 0  2 10  8 13  6]
[ 4 17 14]
[ 6 14 14  8  4  8 13  6  3  6]
[20 25  4 25  4 12  4 13 19]
[23  0 12 18  0 13 17 12]
[0 0 4]
[ 2 10  0 14 22  8  4  3 24  4 12  4 13  4]
[ 4 13 20]
[13 20 20 11 14 20 18 11 24]
[14  1  1 24  4]
[20 22 14  4 20  0  1 11  4]
[ 4  0 20 18  0  4  0  0 10  0  4  4  0]
[ 2  2 14 20 13  7  0  1  4 11 24 10 24]
[ 4 13  0]
[15  2 24  7  4  5 20 11 11 24]
[4 5 5]
[24 12 15  0  3  1  4  3  7  4  0 25 24 15]
[14 18 20 11  4]
[ 1  3  3  3 20 24]
[12  1  4  4  2  4 18]
[14  7  7 24  4]
[ 7  0  3 14 22]
[13  4 14 12 19 14  4  4  4  7 11 24]
[0 4 6 0 8 1 1]
[20 17 17]
[ 4  2  6  4 17  8 13 24]
[20  0  4]
[14  0  4 11  4 23]
[ 4 20 20  8 13  6]
[14  1  1 17  4]
[15 15 17 14  0  4 13  8 13  6]
[22  0  1]
[13  4  0 15  4  2 24  4  3]
[13  7 14  5 10 14  1 11  0]
[14 20 17  4 13  8 12  6]
[20  4  4 14 20  0 15  4 24]
[17  4 13 18 18 14  8 12]
[ 4 21 20  8 13 24]
[ 0 12  0  4 20  3  8 18 14]
[14  5  4 24  4 17  8  0]
[20 24  6  8 12  6]
[ 4  3  3  8 20 14]
[21 10 13 14 22 24  4  3  3  4  0  4 13 19]
[ 4  2 14 20 13 15 25  7  8 11  8 15 24]
[20 17 17 14 20 13 14 10 14]
[13 25  7]
[4 4 7 4 4]
[ 3 10 10  8 13  6]
[ 4  4 11  0 10  8 20 24]
[24 23  0 12  0 14 14  4]
[ 1  3  3  1 24  3]
[14  0 12  0 12  3  8 12  1]
[ 4  0 12]
[ 0 23  8]
[ 4  2 17  0  4  8 12  6]
[17 14  9  4  2  0  8 14 12 18]
[20 25  4]
[0 5 4 1 4 4 2 0]
[14 12 15 14  4  0  4  8 21  4 11 24]
[13  3 20 18  4  4  2  0 11  8  4  4 20]
[14 15 22  6 11  8  6  0 18  8  4 13]
[ 4  0 11 13  6]
[17 14  9  4  2  4 11 14 13 18]
[14  7  4  4 13  8 13  6]
[22  0  1]
[20 12 15]
[13  4 14  0 18  0  3 14  3  0 24  3  0  2]
[20 18  5  8 24 10  2  0  5  7 14 20  6]
[12  8  3  3  4  3]
[ 8 14 14  3 13 18]
[20 24 25 11  4 12  4 13  4]
[17 14  9  4  2  0  8 14 20 24]
[14 18 18  8  4 18]
[ 4 20 14 22  0 18  0  1  3 25  7  4  0]
[7 4 4 4 4]
[ 4 14 24  4  4 15  3  6]
[ 8 18  6 20  0 11  8  5 11  4  4]
[14 20  4  4 22 17 13  0]
[ 4 14  6 17 14 15  7  6]
[ 4  0 14]
[ 4  0 15  1 14 14 10]
[ 4  8  6  7  0  4 20  6 11  6]
[13 22 14 17 10  0  3 24  4]
[ 6 14 13 19 25  8 13  6 11 24]
[ 4  0 10  4  2]
[13 13  6 20 13  2  8  4  6]
[14 16 14  0 12  6  4]
[ 4 17 14]
[15 17 17 14  0  4 13  8 13  6]
[ 2  2 14 20 13 24  0  1  8 17  8 20 24]
[ 0 13  8]
[14 12 15  0  4  0  3  8 20  4 11 24]
[0 4 4]
[ 0 13 24 20  7 18 20]
[14  1  1 11  4]
[ 8 12 18 20  6 11  8  6  8  4  0]
[14 22  4  4 13  8 12 14]
[20 24  4 11  4  0  4  0  4]
[14 12 12  0 13  3  8 13 24]
[ 0  5  4  4  4 17  8  4]
[20 12 15]
[20  0 25  6  4  0  4 13  4]
[ 6 14 13  8 25  8 13  6 11 24]
[20  8  6 24  8  2  0 11 11  6]
[ 0 13  6 20  3 24  1]
[ 0 20  4]
[ 2 10 13 14 22  6  4  3  6  4 12  4 13 19]
[ 0 13 15]
[ 4  2 14]
[ 8 18 24 20  0 25  7  5  8  4  3]
[20 24 19  8  4  8  4  0  4  8  4  0 18]
[14 17 12 20 11  8  4 14  4  8 14 13]
[ 0  7 20 11 14 20  5 11 24]
[13  8  8 12 25]
[ 0  5  4  6  4 17  8  4]
[13 22 14 17  7  3  1 11 14]
[ 0  4 25 20  5 18  4]
[14 11  2  0 13 11  2]
[17  3 20  7 13 24]
[ 4 13 20]
[ 4  4 11  0 12  8 18  6]
[14  7  1 19  4]
[ 4 23  8]
[17 14  8  4  2 10  8 14  0 18]
[20 25 25]
[13  4 23 15  4  2  4  4  3]
[14 12  4  0 13  0  3 13  6]
[24 11 14 15  7 14 13  4]
[ 8  3  3  8 12  6]
[13 13 14 20 13  2  8 13  6]
[14 12  4  0  4  0 19  8 10  4 11 24]
[6 1 3 8 4]
[13 14 14 12  0  0  4  0 12 18  7 18]
[ 0 13  4 20  8  4 20]
[20  8  4 25  8  2  0 11 11 24]
[ 4 14  6 17  0 15  7 15]
[13  0  3 14 22]
[ 4 17 14]
[ 4  2 10  0 17  8 12 24]
[0 4 4]
[ 0 12 15]
[ 0 12 22  4 14 22 17 14 24]
[ 0  4 25]
[13  4  4 15  4  4  6  4  0]
[4 4 4]
[14 20  4 17 13  8 13  6]
[ 0 10  4]
[0 6 4]
[20 17 17 14 20 13  3  4  3]
[ 2  3  3  2 13 24]
[20 12 15]
[20 17 17 14 20  0  3  4  3]
[ 0  7 20 18 14 20 18 24 24]
[14 12 15 11  4 23]
[13 20 20  7  4  4 17 14 20 24  4]
[20 12 15]
[12 14  7  8 17 14]
[ 4 17 14]
[20 12 15]
[22 18  6  0  4 12  0 13 19]
[12  8 12 24  4  0]
[ 4  0 12 18  5 13 17 12]
[15  8  6 20  1  5 20 11 11 24]
[ 2  2 14 20 13 20  0  1  8 25  3 25  3]
[20  4 13]
[ 7  4  3 14 20]
[ 1 14 14 20 13  4  0  1  8 15  8  4 24]
[12 11 15 24  4 14]
[ 0  4 17 14 14 14  3  4  3]
[14  1  1 11  4]
[14 12 15  4 17  0  4  8 18  4 11 24]
[20 24 18 23  8  2  4 11 11 15]
[ 4 13 14]
[14 17 12  4 11  8 25  0  4  9 14 13]
[14 15  4  0 14  7  4]
[14 15 12  0 11  8  4  0 25  8 14 14]
[20  0  3 14 22]
[ 4 17 14]
[ 4  4 10  4 17]
[20 24  6  8 13 24]
[ 4 10  0 14  4 11  4  3  6  5 20 24 13 19]
[ 0 18 10  1 24  3]
[0 5 0]
[20 24  6  8 13 24]
[ 1  8  8 12  6]
[ 4 21  7  3 13 24]
[13  4 24 15  5  2  4  4  3]
[ 0 10  0]
[ 0  0 14 17  3  3 24 24  4]
[14 20  4  4 13  8 13  4]
[ 7 18  6 22 12 24  7  4  7  4 20]
[12  2  4 13 18  4  6 20  4 13 19  8  0 11]
[13  4 23  4  4  2 24  4  0]
[ 4  2 11  0  2  8 13  6]
[ 0 12  8]
[ 4  3 20 20  4 13  0  4  8 14  6]
[ 6 14  8 19  8 13  6]
[22  0  1]
[14 13 20]
[15 14  8 11  8 13 24]
[20  2  2 14 20  0  3  0  0]
[13  0 12 22 12  2  8 12 24]
[20 18  0  7  5 25  2  0  0  8 14 13 18]
[ 4  0 20]
[ 4 14  6  4  0 15  7 24]
[ 4 14  6  4  0  4  7 15]
[ 0 23  8]
[ 4 17 14 12 15 23  4 18 18]
[17  8  6  7  4  5 20 11 11  6]
[ 4 14  6 17 14 15 10 24]
[20  5  5]
[22  0 10]
[14 12 15 11  4 25]
[4 0 4 4 4 4 8 4]
[10  2 10  8 14  6]
[ 0 12  8]
[20 20 20  1 13 20]
[ 4 14  8 19  8 13  4]
[ 4 17 14]
[14  0 12  0 12 20  8 12 24]
[ 0 13 24  7  8 18 10]
[ 4 17 14]
[ 4  4 10  4 17]
[20  2 17 14 20  4  3  0  3]
[17  8  6 13  4  4 20 11 11 24]
[0 4 4 6 4 4 1 4]
[14  0 12  6 13 14  8 13  6]
[ 4 14  6 11  0 15  1  6]
[17 14  9  4  2  4  7 14 13 18]
[23  0  4 14 22]
[ 0  5  4 20  4 17 17  0]
[ 2  0  4 11  4 12  4  4 20]
[20  4  4]
[17  0 13 18  4 14 17 12]
[ 4 13 20]
[15 15 17 14  0  4  7  8 13  6]
[10  8  1 13 14]
[13  4 24 15  4  2  4  4  3]
[ 4 15 17 14  0  4  7  8 13 24]
[ 4  2 14 12  5 17  4 18 18]
[24  8 14 15  7 14 13  4]
[ 0 13 18 20 20 18  1]
[ 6 11 14 15 10 14  0  4]
[ 4  4 14 20 13  0  4  1  8 11 11  0 21]
[14  4  0  4  4  2  0  4  3]
[ 4  4  4  0 14 14 13]
[12 20  0  4 10  0  1 11  4]
[18 12 15  0 12  7  4 24 11  4 20 11 11 24]
[ 4  0 11  0 17  8 13  4]
[20 18  4 11 15  8  4  0  4  8 14 13 18]
[ 4 17 14]
[ 0  1 20 11 14 20 18 19 24]
[20 12 15]
[ 0  4 12  0 24  7  8 12 15 24 14 20]
[ 8  3  3  8 13  6]
[ 4  0 12 18  4 14  0 23]
[ 6  3  4  4 22  8 12  6]
[25  7 20 11 14 20 24 19 24]
[15  8  6  7  4 17 20 11 11 15]
[ 8  3  3  8 13 18]
[20 15  5]
[ 0 10  4]
[ 4  3 20 13  4 13  0 18  8 12  6]
[12 20 20 16 12]
[12 25  4]
[ 0 25  4 11  4 12  4 13 19]
[ 4  0 14 12 15 17  4  0 18]
[17 14  3  4  4 20  7 14 12 18]
[ 8  3  3  8 12  6]
[ 4 13 17  1 12  0  7]
[ 4 19 13  0 19  8  4  0 12  8 14 13]
[14 12 12 20 13  3  8 13 20]
[14 20  4  4 13 16 12  0]
[ 6 12 15  0  0  7  4 19  8  4  0 11 11  6]
[ 6 12 15  0  4  0  4  8  4 14 11 24]
[20  5  6]
[12  2  1 20  2  4  0 22  4 13 19  8  0 20]
[12 24  6  8  4 20]
[ 4  4 11  0 24 10 13  6]
[22  0  7]
[20 24  4 19 11  2  0 11 19 24]
[ 4 20 20 11 13  6]
[ 0  1 20 10 14 20 18  2 24]
[24 12  4  0  4  1  4  0  3 14 14 15 24 24]
[15 15 17 14  0  4  3  7 13 20]
[20 17 17 14 20 13  3 15  3]
[14  5  4  0  4  2 19  0]
[ 4  2 11  0  4  8 13  6]
[24 12 15  0 21  7  4  6  8  2  0 11 24  6]
[ 0 15  4  6  4  4 11  0]
[13 20 20 15 13 19 17  0  0 24  4]
[ 4  2 14 12 15 17  4 18 18]
[14 11  2  0 13  1 20]
[14 12 15  0  4  0  3 17 20  4 15 24]
[ 7  3  0 11 13  6]
[ 4  2 14 20  4  0  0  7  7 11  8 12 24]
[13 20 14 24 10  0  7  8  4]
[22  0  1]
[ 4 25  4]
[14  4  4 17 12  2 13  6]
[15 11 15 14  0  4  7  8 12 24]
[ 8 18  6 20  0 11 11 15  8  4  3]
[ 8 18  6 20  0 11  8 19  8 15  6]
[ 4  2 14 12 15  4  4 18 18]
[20 18  5  8 15  8  2  0 19  1 14 13 18]
[ 0 12  7]
[ 0  4  4 15  4 17  8  4]
[ 5 18  4 20  0 11  8  5  8  4 20]
[ 4 22 20 20 24  4  4]
[14 11  2  0 13  8  2]
[15 14  8 19  8 13  6]
[20 20  0  4 22  0]
[ 4  4 10  4  4]
[4 7 4]
[ 4 20 20  8 12 24]
[ 7  6 24  8 12  6]
[14 11  2  0 13  8  4]
[15 15 24 14  0  4  7  8  0  6]
[12  2 14 12  5 14  4 21  4  1 11 24]
[14  4  0 22 22 12]
[ 4  0  4  1 14 14  4]
[12  3  2  0  4  4  3]
[ 6  6  6 10  8 18 10]
[20  8  4 25  8  4  0 11 11  6]
[ 4  4  0 12 15  4  4 18 18]
[20 24  4]
[4 4 7 4 4]
[ 0  4  0 12 18  0  4 13  0  1  6  6]
[15 14  8 19  8 13 24]
[20 24 25]
[14  0 15 11  4 23]
[10  8  8 13  6]
[ 0 10 20 18 14 20  4 19 24]
[ 4  4  4  7 13 24]
[12  3  4  0  4  4 18]
[20 11  1  1 20  2  0 11 19 24]
[14 23  8]
[24 19 14 15  7 14 13  4]
[14  4  3 20 22 10  0 20  2 10  8 12 23]
[ 0  4  3 24 13 24]
[ 4  4 11  0  4  7 20 24]
[12  0 12  1 14 14  7]
[ 6  3 22  8  1  8 12  6 11 24]
[20 18 12  8 12  8  4  0 12  8 14 12  6]
[14 20  4 17 13  8 12 14]
[ 4  4 10  0  4]
[13  4 18 15  4  2  7  4  3]
[ 4 17 14]
[17 14  8  4  2 13  6]
[13  4 23 15  4  4 19 15 20]
[20 17 17 14  0 13  3  4  3]
[14 11  2  0  3  7  2]
[14 20  4  4 13 18 13 24]
[20  0  3 14  0]
[ 7  0  3 14 22]
[ 0 10 20 18 12 17  8 12 10  8  0  4  4]
[ 0  4  3  0 17 14 17 24  3  3 24 24]
[13  4  7 15  4 20 24  4  0]
[ 0 20  0]
[17 11  6  7  4  5 20 11 11 18]
[ 4 14 15 24 14 24  3 24]
[20 15 24 24  4  4  4 13 24]
[13  0  4  4 25  4  3 25  4]
[11 18  6 14  0 11 11  0 15  0  3]
[12 16 12 15  4  6]
[12  1  4  0  2  4 18]
[ 4 14  6  4  0 12  7  6]
[20 18  4  7  5  8  2  0 19  5 14  0 18]
[ 4  4  4 15  0  2  0  4  3]
[ 4 13 20]
[ 4  2 15 20 17  8 13 21]
[20  2 14  0  4  4  6  0 14  0  3  2  0 11]
[ 2  2 14 20 13  0  4  1  8 11  8 19 15]
[14 17 17 14  0 13  3  4  3]
[ 0 12  8]
[ 0  3 20 24 10 17  8 12 11  6  0  4  3]
[24 11 14 15 10 14 20  4]
[ 4  2 14 20 13 24  0  1  8 11  8 17  6]
[ 4  9 20 20  4 13  0 20 17 13 24]
[0 4 7 4 4]
[0 4 4]
[ 7  4  6 13 15 14 24 19  0 10 15 24]
[ 4  2 14 12 15 17  4 18 18]
[ 0  1  4 11 14 20 24 19 24]
[14 17 12  0 19  8  6  0 19  8 14  4]
[ 4 14  6  4  0 15  7 24]
[15 14  9  0  2 19  8 14  4  6]
[ 7  8  8 13  4]
[14  4  0 13  7 11 25 13 15 15 14  4]
[ 0  4 25]
[10  8  8 13  6]
[10  8  8 13  0]
[ 7  3  3  3  0 24]
[14 12 15  0 17  0  4  8 20  4 11 20]
[ 4  0  4  0 17  8 13 24]
[20 24  4]
[ 4 18  0 20  0  4 11 17  6  4 14]
[15 15  4 14  0  4 13 11  0 12]
[ 0 14  9 14  0  0  7 14  0 18]
[ 1 21 10  8 13 20]
[14  0 15 14 17 14 24  8 21  4 11 17]
[20 17  4 14 20 13  3  4  8]
[14 17 12  0 11  0 23  0 11  8 14 14]
[4 4 7 4 4]
[14  1 20 11  4]
[0 4 4]
[ 4  3 20 22  4 13  0 18  8 13 22]
[ 4  2 14 20 13 20  0  1 15 11  8 18 24]
[ 3  8  3 14 14]
[4 0 4]
[ 0  2 10  8 13 24]
[ 4  4 23  0  4 14  3  0  3]
[ 0 10 11]
[13  0 20 18  8  4  6  0 11 11  0  4  3]
[ 4 13 20]
[ 4  4 11  0  4  8 12  6]
[14  0 12 14 20  3  7 20  6]
[ 4  0 12]
[14  3  3 24  4]
[ 4 14 11  0 17 19 13  6]
[14 17 12  0  4  7  4  0  4  8 14 20]
[12  9 10  4  4  3]
[13  3 20 18  5 17  8 12 19  8 25  4  3]
[ 4  2 10  4  4]
[ 4 14 20 17  8  4  8 13  4  8 24  4 14]
[13  4 12 15  4  2  4  4  3]
[ 4 21  4  8 13  6]
[ 1  3  3  8 13  6]
[22  4  1]
[20 12 13]
[ 0  2 10  0  4 18]
[ 4 21 21 17 14 14]
[14 12 15 11  4 23]
[13 22 14 15 10  0  7 11  4]
[ 2  2 14 20 13  4  0  1  8 19  8 12 14]
[ 4  0 10  1 20 14 10]
[15 15 17 14  0  4 13  8 13  6]
[ 2  1 20 13  4  4  0  7 16 12  6]
[13 20 20 11 13  4  4  0  1 11  4]
[14 17 12  0 11  8  4  0 19  8 14 13]
[20 24 21 24 13 21]
[ 4 13 20]
[ 0  4 11  0 17  8 13  6]
[15 15  8 12  0  4  7  8 12  6]
[ 3 14  8 13  6]
[ 4 14 24  4  0 15  7 15]
[10  0  3 14 22]
[ 3  3  1  3 20 24]
[10  8 17 12  6]
[13  3 20 18  4 17  8  6  5  8 25  4  3]
[14  1  1 15  4]
[20 14  0  4  0 12 18 20  0 12  7  8 12 10]
[20  2 10  8 15  6]
[20 25 24]
[ 4 13  0]
[ 0  4 20  0  4]
[20  0  4 14 20 13 20  0 22]
[15 15 17 14  0  4  7  8 13  6]
[ 0  7  4  0  2  4 18]
[ 4  0 13 18  5 14 17 12]
[14 19  2  0 14  8  2]
[21  0 13 18  6 14 12 13]
[ 2 20  0 14  0  4  4  3 24  4 12  0 12  0]
[ 4 17 14]
[20  0  1]
[6 0 4]
[ 4 10 13 14 22 24  4  0 18  4 12  4 13  0]
[ 4 21 20  8 13  6]
[20 24  6  9  0 14]
[13  4 19 24 10  2 24  4  6]
[13 22 14 24 10  0  6  4  4]
[ 4  9 20 20  4  0 12 25  8 12  6]
[13  4 19 15  4  1 25  4  0]
[14  0 12  0 14  3  8 13 24]
[ 4  4 24  4 17]
[ 6 14 13  8 25 19 13  6 19 24]
[ 4  4 14 20 14 20  0  1  3 20  8 12 24]
[ 4 17 14]
[20  8  3  1  8  2  0 11 19 20]
[12  7  4  0  4  4 18]
[20  1 19  0  4  3]
[10  0  3 14 20]
[13 18 20 16 13  4 17  0  7  8  4]
[14  8  4  0 13  8  2]
[ 4 14 17  1 24 14 10]
[ 0 10  4]
[ 6 14 13 11 23  8 13  6 11  3]
[14  8  4  0 13  8  4]
[20 12 15]
[ 4  2 10  0  4  6 13 15]
[ 0  4  4  4  4 17  8 12]
[13  0 12 14 22 16 12 22 24  4 12  4 22 12]
[15  0 14 18  5 14 17 12]
[20 18 24 10  5  8  2  0  6  8 14 13 14]
[ 8 18  6 20  0 11  8  5  8  4  3]
[0 0 4]
[ 4  0  4  1 14 14 10]
[13  4 14 17  4  0  1 11  4]
[12  8  4  4  4 20]
[0 4 4]
[ 4 20 20  8 12  6]
[17  8  6  7  4  5 20 11  4  6]
[20 24  6  8 13 24]
[17  8  6  7  4 19 20 11 11 24]
[ 4  2 14  0 14  3  0 12 18 25  8  4  6]
[ 4  4  0 12 15 23  4 18  5]
[ 4  0  4  1 14 14 10]
[17  0 13 18 15 14 17 12]
[ 0  0 15 20  7  4  8]
[15  4 17 14  0  4  7  8 13  6]
[13  4 14 13 18  4  6 20  4 13  4 11  0 11]
[17  8  6  3 19  5 20 11 24 24]
[20 20 24]
[20  5 15 24  4  0  4 13 19]
[ 4 23  7]
[17 14  6  4  2  4 18 14 13 18]
[ 1  0 15 20  8 24  2]
[ 4 20 20]
[ 0  4  7  8 13  6]
[20 12 15]
[15 14  8 15  8  4  6]
[12  1 17  4  2  4  6]
[13  3 20 18 24 10  8 14 11 19 24  4 20]
[14  0  4 17 13  7  4 24]
[ 0 13 19 20  8 18  7]
[ 7  0  3 14 22]
[ 7 18 16 14 20 11  8  7  8  4  6]
[ 1  0  3 14 22]
[ 6 14  7  8 25  8 13  6 11  6]
[13  3 20 18  3 18  8 12 19  8 25  4 20]
[ 3  3  3  8 13  6]
[20 17  4]
[14 17 12  0 19  8  4  0  4  8 14 13]
[ 0 10  8]
[ 4  7 20  4 14 20 18 14  0]
[ 0 24  4]
[ 4 13  0]
[13  2 14  0  4  4 15 20  4 13  0  3  0 11]
[ 0  4  4 11 14 20]
[20  0  4]
[ 4  0  4  1 14 14 10]
[17  0 13 18  5 14 17 12]
[14 20  4 17 13  8 13 24]
[ 4 13 20]
[ 8 18 18 20  0 11 19 13  0  4 10]
[20 25  4]
[ 4 20 20]
[ 4  9 20 20  4 13  0 19  5 13  6]
[ 4  4  7  4 17]
[14  1  1  8  4]
[14 12 15 20 17 14 24  3 24  4  3 24]
[ 4 20 20 21  4  4  0  4  1 13 24]
[24 19 14 15  7 20 13  4]
[ 2  4 14 10 13 15  0  1  8 11 11 24 24]
[15 14  9  4  2  3  8 14 13 18]
[20 24  4]
[14 20  4  4  0  8 12 25]
[13 22 14 17 10  0  1  8  4]
[17 14  8 11  8 12  6]
[ 0 18  4  0  2  4  0]
[15 14  8  3  3 13  6]
[17  0 13  6  5 14 17 12]
[13 13 14 17 10  0  1  8  4]
[ 4  4 17  1 14 14 10]
[20  0  4]
[0 5 4 3 4 4 8 0]
[12  1  4  0  4  4 18]
[ 4  4 13  4 17]
[ 0  1 20  8 14 20 18 11 24]
[13  0 14 20 20  2  8 12 24]
[13  0  1]
[14  1 20 11  6 20 18 11 15]
[20 12 15]
[24  6 14 15  7 14 13  4]
[ 3 25  1]
[20  2  7  8 13 14]
[ 4  3 20 20  4 13  0 18 11 13 14]
[14 21  4 17 14  8 12  6]
[ 4  2 14 20 17 14  0 15 13  6 11 17]
[ 4  2 14  0  4  4  6  4 18]
[ 0  3 20 18  0  4  8 14  8  6 25  4 14]
[ 6 11 14  4  7 14 13  4]
[ 8  3  3  7 13  6]
[14 21  4 14 13 19 13 24]
[12 25  4]
[22  0  1]
[ 0 13  6 20  8 18  7]
[ 0  1  0 11 14 20 18 11 24]
[ 6 14 13  8  9 15 13  6 11  6]
[ 4  2 14 12 15 17  4 18 18]
[ 0  6  4 24  4 17  8  4]
[ 4  7 23  0  4  0]
[20  0 15]
[ 4  4 11  0  4  8 13  6]
[12  8 12  0  4  0]
[ 0 10 13]
[ 4 20 20  8 13  6]
[13  4 14 12  5 14 17 19  0  1 19 24]
[14  7  1 11  4]
[ 4 14  0  4 13  0 13 24]
[10 20 14 10 10  0  1  8  4]
[24 12 24 12 15  3 24  3 20 24 24 24]
[12  6  4]
[ 4  0  4 18 14  0  4]
[20  4 25 11  4 12  4 13 19]
[ 7  0  3 14 22]
[14  5  4  4  4 17  8  0]
[ 4 20 20 20  4 13  0  3  8 13  6]
[20 20  0 11 20  0 13  0  1 24  4]
[ 4 14  8 11  8 13 21]
[ 6 14 13  8 25  3  0  6 19 24]
[13 13 14 20 20  2  8 12  6]
[22  3 20 18 24 15  8 12 19  8 18  0  3]
[22  7  4 18 14 20 18 11 24]
[ 0 20 14 17  3  0  1 24 13]
[ 0 18  8]
[ 4  4 10  4  4]
[20 17 17 14 20  0  3  4  3]
[20  2 14  0  5 14 17  6  0  1 11 24]
[12  7 24  0  2 10 18]
[17  0 13  2 17 14 17 12]
[ 4 14 24  4 20 24  1  6]
[20 24 24]
[13  3 20 18 24 17  8  0 11  8  4  4  3]
[17  4 20 18 18 14 17 12]
[13  2 14 12  5 14 17  0  4  1 11 24]
[20 24  6  8 12  6]
[20 18  0 25  5 15  2  0 19  8 14 13 18]
[15  2 14 20 13  4  0  1  8  3  8 24 24]
[13  4 14 12  5 14 17  4  0  1  3  6]
[ 0 10  4]
[20 24  4  8 10  8 14  4 25  7 14  4 14]
[14  1 14 11  4]
[ 6  3 20 16 14 20  0 11  0]
[14  8  4  0 12 17  0]
[20 17 17 14 20 13  3  4  3]
[15 14  3 24  8 13 24]
[ 0  1  0  6 14 20 24  8  6]
[ 6 12 15  0  3  7  4  0  8  2  0  2  1 24]
[ 4 14  6  4  0  4  7 24]
[ 4 12  7  4  4]
[20 17 17 14 20 13  3  4 20]
[ 0  4  7  8 13 18]
[20 17 17 14 20 13  3 14  3]
[14  0 15 14 15  4 24  3  6  4 24 24]
[ 4  0 13  0  5 14 17  4]
[ 4  2 14 12 15 24  4  6 18]
[ 4 14 24 17  4 15 13  6]
[ 4  2 14  0 18  4  6 20  4 13  0  8 12 11]
[ 0 12  4]
[14 12 12  0 13  3  8 13  6]
[ 4 10 13 14 22  6  4  3  6  4 12  0 13 19]
[10  8 19 13  6]
[12  1 17  0  4  4 18]
[14 12 13  4  4  0  4  3 20 22 17  6]
[20 17 17 14 20 14 20  4 22]
[ 4  2 14 20 13 25  0  7  8 11  8 19 24]
[20 24  4]
[17 14  8  9  5 13 24]
[4 2 4 8 4 6]
[15 15  4 14  0  4  7  8 13  6]
[12  1  5  0  2  4 18]
[13 21 20 11 13  0  4  0  0 11  4]
[ 0  3 20  6 19 17  8  4 11  4  0  4  3]
[20 18 24]
[13 17 14 13 18  4  6 20  4 13  4  2  0 15]
[ 7  0  3 14 22]
[ 4  0  4  4  4 17 10  0]
[ 3 13  3  3  0]
[20 18 24 20 13 11 25  4  8  4  3]
[13  7 14 17 10  0  1 11  4]
[ 0 25  7]
[14 10  2  0 12  8  2]
[22  0  1]
[22  0  1]
[20 25  4]
[ 4 10 10 15  4  2 24  4 14]
[ 0 22 14  4  7  0  1  6  4]
[22  0  1]
[20  5  5]
[13 15 14 13  6  4 15 20  4 13  0  3  0 11]
[ 4  4 23 15  4  2  0  4  3]
[ 4  0 17  7 14 14 10]
[13 21 20 11 13  4 17  0  1  6  4]
[ 2 15 14]
[20  5 19]
[ 7  0  3 14 20]
[ 7 13 14 20 13  4  2 20  3]
[20  6  6  8 13 24]
[ 4  3 20 20  4 13  0  4 11 13 24]
[ 0  2  4  4 20  0]
[14 11  2  0 13  8  2]
[4 6 6 8 4 6]
[12  1 17  4  2  4 18]
[ 4 14 24  4  0 15 20 24]
[13  7 14  0 13  2  8 13 20]
[12 15  8  3  4  3]
[ 4  2 14 12 15  0  4 18 18]
[ 8 18  6 20  0 11  7 15  8  4  3]
[ 0 23  8]
[20 12 15]
[ 0  1 20 11 14 20 18  8 12]
[14 20  4 15 13  8 13  6]
[20 18 14  8  5 15  2  0  4  1 14 13 18]
[24 12  6  0 10 20  0 12  2  2  0 11 11 14]
[14  0 12  0 13  3  8 13 24]
[ 7  0  3 14 22]
[ 0  3 14  0  4 13 24 10 10]
[13  0 14 20  0  2  4  0  6]
[ 6 11 14 15  7 14  0  4]
[ 4  2 14 12 15 17  4 18 18]
[14 21  4 17 13  8 13  6]
[13 20 20 11 13  4 17  0  1 11  4]
[18  6  4  0 12  0]
[14  1  1 17  4]
[ 4 17 14]
[ 4 14  6  0 24 23  4  3 24]
[22 17 17 14 20  0  3 14  0]
[20 19  4]
[14  0  4  0 13 11  0]
[15 14 20 11  8 12  6]
[20 25 25]
[ 4  0 10 10 13 18]
[12  1 17  4  2  4 18]
[ 6 14 14 23  0  8 12  6 19 24]
[ 4 14 15 17  0  4  7 24]
[ 4  6 14]
[ 4 20 20]
[14 11  4  0 13  0  4]
[24  6 14 15  1 14 13  4]
[ 0  1 20 11 14 20 18 11 24]
[13 13 14 20 13  2 15 13  3]
[ 6 14 13  8  4  8 13 14 11 15]
[14 12 15  0 10  0 15  8 20  4 11 24]
[13 20 20 11 13  4  4  0  1 11  4]
[13  4  6 15  4  2 25  4  3]
[10  8  8 13  6]
[20 25 25]
[12  8 19  0  4  3]
[20 24 15]
[20 17 17 14 20 20  0  4  0]
[15 15 17 14  0  4  7  8 13  6]
[ 4  0  4 14 14 14  0]
[14 12 15 20 17  0  6  8 20  4 11  3]
[ 7  4  1 14 22]
[20 24  6  8 13 24]
[ 8 18  6 20  0 11  8  4  8  4  3]
[ 6  6 14 15  7 14  0  4]
[ 6 14 13  7  4 24 12  6 11 24]
[ 4  4 20  0  4]
[22  0  1]
[ 6  3  3  9 13 24]
[ 0  0 14 20  0  2  8 13  0]
[13 22 14 17 10  0  1 11  4]
[17  3 13 18  5 14 17  4]
[14 12 15 24  4  0]
[ 4 20 20  8 13  6]
[20  0  1]
[ 0 10 14]
[14 12  4  4  4 13]
[20  4  4]
[ 8 18 24 20  0 11 14  5  6  4  3]
[ 4 20 20  7  0  4]
[14  7  4  5 13  8 13  6]
[ 4  4 11  0  4  8 13 24]
[20 18  0  8 18  8  4 22  6  8 14 13 18]
[15 14  8 10 15 14 18]
[ 0  8 11  0  4  3]
[15 14  8 25 24 12  6]
[ 4  0 14 20 13  4  0  3  2 25  7  4 25]
[20  6  6 11  4  0  4 13  4]
[20  5  5]
[ 0  4 25 13 13  4]
[ 8  3  3  8 13 24]
[20  5  5]
[14 11  0 12 20  0 12  0]
[ 7  8  8 13 14]
[14  1  1 11  4]
[ 4 14 20  7  4  6]
[14 12 24  0  4  0  0  9 20  4 11 24]
[20  5 19]
[14 20  1 15  4]
[13 13 14 20 13  2  8 13  6]
[0 4 4]
[ 4  4 11  0 23  8 13  6]
[ 0 14 24  4  0 15  7 14]
[15 15 17 14  3  0 10  8 13  4]
[ 8  3  3 17 13 24]
[ 6 14 13  8 25  8 13  6 19 24]
[13 20 20 11  0  4 17  0  1 11  4]
[ 4 14  0  4  0  6 13 24]
[20  0  5]
[0 4 4]
[ 4  0  4  1 14 14 20]
[20 25 24 11  4 12  4 13  4]
[ 0 10  4]
[ 4 11  4 24  4 15  8  0]
[14 12 15  0 17  0  0  8  7  4 11  6]
[13 20 14 17  7  6  1  8 10]
[ 4 22 22  8 13  6]
[ 4 20 20  8 12  6]
[ 0  0 18 20  8 18 20]
[ 4  4 13  0  4]
[13  4 23 15  4  2  0 12  3]
[24  7 14 15  7 14 13  4]
[ 4  0 22]
[22  0  1]
[12  2  4  4 22  0]
[ 4 22 14  4  0 13 24 10  4]
[15 15 17 14 18 14  7  8 13  6]
[14 12 15  8  4  0]
[ 4  2 14  0 15 17  4 18 18]
[20 24  6  8 14 24]
[17 14  9  4  4  0 11 14 13 18]
[ 4  4 14 12 15  4  4 18 18]
[14 11  2  0 13  0  4]
[20  7 18  0  4  4 18]
[ 4 21 20 11 13  3]
[ 4 14  6 17  4 15  7 24]
[ 0  1 20 24 14 20  0 19 24]
[14 17 12  0 23  7  4  0 10  1  6  4]
[ 0  5  4  0  4  4  8 12]
[ 4  0  4 18  5 14 17 12]
[ 6 14 13  8  6 24  0  6  4 18]
[20 24 25]
[13  2 14 12  6  4  4 20  4 13 18  8 12 19]
[ 4 20 11  0 17 11 13 24]
[ 7  4  3 14 22]
[ 0 15  4  0  4  8  2  0]
[4 4 3 0 4]
[ 0  2 10  8 13  4]
[14  0 20]
[12  1  4  0  4  0  1]
[ 0 23  8]
[13  2  0 12  4 14  4 19  0  1 11 24]
[ 4 17 14]
[ 4 20 17  8 13  6]
[24 10 14 15  4 14  0  4]
[20 25  4]
[14  4  0 12  1 10 15  0  4 18 14 18]
[14  3  0 11  6  0 18 11 24]
[17  8  6  7  0  5 20 11 11 24]
[ 0  4 12 14 20  2  4 12  0  4 13  4  0 12]
[10  8  8 13  6]
[14 11  0 14  4  8  4]
[0 4 4]
[ 6 14 13  8 24  8 13  6 11 24]
[22  0 24]
[ 0  5 15]
[14  0 12  0 13  3  8 13  6]
[14  1  1  8  4]
[20  6  6  9 13  6]
[13  3 20 18  4  2  8  0 11  8  4  4  3]
[ 8  3 20 17 14 14]
[24 12  4  0 25  7  4 25  8  2  0 11  6 24]
[13  3 20 18  0  4  8  0 11  4 22  4  3]
[20 24 24]
[ 0  2  7  8 12  6]
[ 4  4 10  4 17]
[ 4  0 24 17  4 15  7 23]
[13 22 14 17  4  0  3 24  4]
[ 6 11 14 14 13 14 13  4]
[13  4 23 15  4  2  7  4  3]
[12  8  1 10  4  0]
[ 2 14 20 20 13  4  0  7  8 11  8  4 14]
[24  3 14  4  1 14  0  4]
[ 4  3 17  1 14 14 10]
[14 12 15  8  4 23]
[ 8  3  3  9 13  6]
[24 11 14 15 10 14 13  4]
[ 8 18  6  0  4 11  8 15  6  4  3]
[ 4 18 24  0  3  5 20 24 24 24]
[ 7  4 24  4  4]
[13 13 14 20 13  2  4 13  6]
[12  8  4  4  4  3]
[ 4 13 20]
[24 11 14 15  7 14 13  4]
[ 4  2 14  0  4 17  4 18 24]
[14 12 15 11  4 12]
[20  5  5]
[ 4  4 10  4 17]
[ 2  2 14 20 13  0  4 22 23 23  3  0  6]
[15 14 11  2  8 13  6]
[ 0  7  4  0  4 17  8 12]
[15 14 24 19  8 13  6]
[14 11  2  0 13  8  2]
[13 15 24 15  4  2  6  4  3]
[ 4  4  4  4 17]
[20 15  5]
[13  2 14 12  5 14 17 12  0  1 11 24]
[22  5  0]
[ 6 20  4 17 13  8 13  6]
[ 4  0  4  1 14 14 10]
[ 2 10 13 14 20 11  4  3  6  4 12  4 13 19]
[13 20 20 11 13  4 17 14  7  8  4]
[ 4  6  8 12  6]
[ 4  0  3  0 12]
[20  0  0 14 20  0  4  0  4]
[ 4 17 14]
[ 4  0  4  1 14 14  4]
[ 4 12 17  1 14 14 10]
[ 8  3  3  8 13 24]
[ 4 14 24  4  0 15 10 24]
[ 7  0  3 14 22]
[ 4 20 20]
[ 4 13  6]
[ 4  0 12 18  5 14 17 12]
[14 21  4  4 13  8 20  6]
[ 6  8 14 15  7 14 14  4]
[ 0 23  8]
[ 0  5  6  4  4 17  8  0]
[13  4 14 13 18  4  0 20  4 13 19  8 13 11]
[20 24  6  8 12  6]
[ 0  2 10  8 12  6]
[ 4 14  6  4  0 24  7 24]
[17  4 13  6  5 14 17 12]
[ 6 14 13 11  4  8 13  6 11  6]
[ 6 18 25 20  0  4  6  5 11  4  3]
[14 12 15  3  4  4]
[24 12 15  0  3  7  4  0 11  2  0 11 11 15]
[14 11  4  0 13  8  4]
[ 4  3 20 20  4 13  0 19  8 13 24]
[20  7  3  8  3  2  4  0  3 17 14 20  2]
[ 2 17  0 14 22 16  4  0  6  0 12  4 13  0]
[13  3 20 17 19 17 11  0 11  8  4  4  3]
[13  7 14  0  5 14  5 24  4  1 19 24]
[ 8  4 15 20  0  3  8  4  8  4  3]
[ 2 10 13 14 13 11  0  3  0  4 12  4 13  0]
[ 0 18  0  8  4  8  4 13  7  8 14 13 18]
[ 0 14 20]
[ 2  2 14 20 20  3  0  1 15 15  8  3  1]
[20 24  6  8 13  6]
[ 7  6  3 14 22]
[ 4  2 14 20 13  4  0  1  8 19  8  4 18]
[20 17 17 14 20 22  3  0  3]
[14 17 12  0 11 24 15  0  4  8 14 13]
[ 4 13 14 14 20]
[ 7  0  3  0 22]
[ 4 21 14]
[ 0 13  6 14  8 18 13]
[ 8  3  3  8 13  6]
[ 2 10 13 14 22 24  4  3 24  4 12  4 13 24]
[ 9  3  3  2 13 14]
[18 14 13 17 24  8 12 24 24 24]
[ 4  9 20 21  4 13  0 19  8 13 24]
[4 7 4]
[14 12 15 10  8 13  0 10  3  4  4  6]
[ 2  4 14 20 13  4  0  1  8 11 17 19 24]
[20 25  1]
[ 6 14 13  8 25  8 13 24  4  6]
[ 0  5  4  4  4 17  8  0]
[14  0  4  3 10  3  1 13  6]
[ 4  9 20 22  4  0  3 19  8 22  6]
[ 6 14 13  8 12  1 13  6 11 24]
[4 4 4]
[ 4 14  6 10  0 12  7 24]
[14  0  4  1 14 14 10]
[23 12 15  0  0 10  4 20  8  4  0 11 19 24]
[14 12 15  8 17 12]
[ 0 13 15 20  8 18  7]
[13 20 20 11 13  4 22  0  1 11  4]
[13 21 20 11  0  4 15  3  1  6  4]
[ 4  0 12  0 13  3  8 13 20]
[12  3 17 20 17 12 24]
[0 7 4]
[14 12 15  8  4 22]
[ 0  2 10  8 13 24]
[ 4 14  6  4  0 15  7  6]
[ 4 13 22]
[ 4  2 14 20 13 19  0  1 11 11 11 21 24]
[14  0 12  0 13 14 10 13 24]
[ 2 10 13 14 20 11  4  3 24  4  0  4 13 14]
[ 4 21 21  5 13  6]
[ 4 12  6 20  8 18 13]
[ 4 14  6 17  0 15  7 24]
[15 15 17 14  0  4  7  8 13  6]
[13  4 12 15  4  4  7  4  4]
[20 24  6  8 13  6]
[17 14  3  0  4 17 10 14 13 23]
[ 4 21 21  8 12  0]
[0 1 4 0 2 4 3]
[13  1 23  0  2  4 18]
[ 6 14 13  8  7  8 13  6 11 24]
[ 0  0  6 20  8  6 10]
[0 4 4]
[14 11  2  0 13  3  2]
[ 8  3  6  8 13  6]
[18 18  5  8 19  8  2  6 11  8 14  7  1]
[12  2 14 12 19 14  4 25  4  0  4  6]
[0 4 4]
[ 0 13  6 20  8 18  7]
[ 7  0  3 14 22]
[13  1  4  0  2  4 18]
[ 4  4 17  4 17]
[24 24 15 14  3  4  3  7 24 24]
[ 2 17 14  0 13  6  0  1  8 19  8  4 19]
[13  4  0 12 18  4  6 20  4 13 19  8  0 11]
[14  0 13 19 13  8 13 24  6 14]
[ 3 20  4 17 13 11 13 14]
[ 6 14 13  8 12  8 13  6 11 24]
[20  8  4 19  8  4  0 11  8 14]
[14 12 15  8  4 23]
[20 18 24 15  5  8  4  0  4  1 14 13 18]
[24 12 15  0  3  7  4  1  8  2  0 11 15 24]
[14 17 12  0 11  8 24  4  0  9 14 13]
[ 0  2 10  4 22 18]
[14 11  4  0 13  8  4]
[ 4 20  2  8 12  6]
[ 8 18 24 20  0 11  8  5  8  4  3]
[ 4  2 19  0  5  8 13  6]
[22  0  1]
[ 4 11 14 12 15  4  4 18 18]
[13  4  0 12  5 14 17  4  0  1 11  6]
[ 4  0 17  7 20 14 10]
[10  1  4 11  6 20  1 19 24]
[12  8 12 24  4  3]
[ 7  1 24  4  4 13  4 13  4]
[ 4 20 17  8 13  6]
[14  1  1 11  0]
[ 0 20 24 12  7  6 10]
[12  1 15  0  4  4 18]
[ 7  6 15 14 14 24 10 17  7  4  3]
[ 4 13 24  4 22  4  7]
[12  0  1]
[14  8 12 25  8  4  0  4 11 24]
[24  6 14 15  7 14 13  4]
[22  4 25  1  4 13  4 13  8]
[22  0  1]
[ 4  0  4  7 14 20  7]
[ 4 25 13 14 14  0 12]
[24 12 15 24  4  7  4  4  9  2  4 11 11 24]
[24  6 14 15  7 14 13  4]
[ 0 13 15 20  8 18  7]
[ 0 12 15]
[ 4  2 14 12 15  4  4  0 18]
[ 6 14 15 20  0 20 16 12 24  4  6]
[4 4 4]
[20 24 15  8 13  6]
[11  3  3  8 13  6]
[ 0  0  4 20  8 18  7]
[ 4 17 14]
[ 0  1 20 24 14 20 18  3 24]
[13  4 25 24  4  2  4  4  3]
[20  0  3 14 22]
[ 4  4 17  1 14 14  4]
[17 14  3  0  2 15 11  2 13 18]
[13 20 14 17 10  0  1  8  4]
[14  1  1  6  4]
[ 0  1 13 11  0 20  4 11 24]
[12  2  4  8 12  6]
[ 1  3  3 14 20]
[4 4 1 4 4]
[ 0  1 20 11 14 20 24  8 15]
[12  2 10  4 22 24]
[ 4  2  0 12 15 17  4 18 18]
[ 4  4  7  4 17]
[ 4  2 14  0 15  4  4 18 18]
[ 0  4 23 15  4  4  0  4  0]
[20 12 15]
[ 0  1 20 11 14 20  0 11 24]
[0 4 4]
[ 0 24  4]
[ 4  4  7  4 12]
[ 0 14  4  1 12  6]
[ 4 20 20  8 12  6]
[ 4 14  6  4  0 15 10 24]
[ 4 14  6  4  0 15  7 24]
[0 4 4]
[18 14 13  8  4  8 12  6 11 14]
[ 0 11  2 13 24 17 20  2 10 24]
[20  2 18 14  7 11 20  0  4  7 14 14 14]
[20  6  6  3  0 14]
[17 10 13 18  4 14 16 12]
[ 0 20  0 16 14  0 18 24  6]
[20 18 19  9  5  8  4  0 19  8 14 13  0]
[ 0  2  4  8 14 14]
[ 3 15  4  8  4  4  8  3]
[14  0 12  0 12 14 15 20  0]
[ 0  3 20 22  3 13  0  1  8 12  6]
[15 15 17 14  0  2  7  8 13 24]
[20 12 15]
[14 11  2  0 13  8 14]
[14  1  1  1  4]
[13  3 20 18  4 17  8  0 19  8 12  0  3]
[12  1 17 20  7  4 18]
[14 17 12  0 23  8 12  0 12  8 14 14]
[20 24  6 19 13  6]
[14 12 15 24  4 12]
[ 4  0  2  1 14 14  4]
[14  1  1  6  4]
[17  8  6 10 19  5 20 11 11 24]
[14 14 24  4  0  4  7 24]
[20 18  6  8  5  8 12  0  4  8 14 20 18]
[ 2  4 15]
[13  8  8 12  6]
[13  0  4 12 10  3 17  4  0  1 11 23]
[ 4  1 13 14 22  6  4  3  6  4 12  4 13 25]
[20  0  1]
[ 4 13 20]
[14 12 15 24  4 24]
[ 0 12 20]
[17  0 13 18 24 14 17 12]
[20 12 15]
[20 24  6 19 13 24]
[13  2 14 13 18  4 25 20  4 13  0  8  0 11]
[ 0  4  4  7  4 17  7  4]
[ 7  3  3  8 13  6]
[ 4  4 11  0 17  8 13 24]
[0 4 4]
[4 0 4]
[20  8  4 15  8  2  0 11 11 24]
[17  8  6  7 24  4 20 24 19 24]
[12  3  0 18 20 17 10  0  3  7 24  4  3]
[15 14 11  2  3  0 12]
[20  4 15]
[10  6  8 13 24]
[20 24  4]
[ 6  3  3  8 14 21]
[14  8 12 25  8  2  0 11 11 24]
[ 0 14 20 22  4 12  0  1  8 12 14]
[ 0 10  4]
[ 4  4 11 14 17  8 13  6]
[ 0 14  7  8 13 24]
[13 20 14 17 10  0  7 11  4]
[ 8 18  6  0  3 19  8  4  7  6 10]
[4 4 0]
[24 11 14 15  1 14 13  4]
[13  2 14 13 18  4  4 20  4 13 24  2  0  3]
[ 4 20 14 20 20  2 24 22  4]
[14 20  4  4 13  8 13  6]
[ 0 13 13 20 11 18  7]
[20 17 17 14 20 13  3  4  3]
[20 25  6 11  4 12  4  0 19]
[20  0 15]
[12  8 12  4  4  3]
[ 8  3  3  1 13  6]
[ 0  3  0 24 14  0 14 24 24]
[14 17 12 13 11  8  4  0 19  8 14  0]
[22  0  4]
[ 0  4  0 12 18 14 17  1  0  1 11 24]
[15 13 17 14  0  4  7  5 13 24]
[12 23  8]
[20  0  4]
[24  4 20 15  7 14 13  4]
[ 4 14 18  2  0 15 20 24]
[17 20 13 18 24 14 17 12]
[24  8  4  3 19  5 20 11 11 24]
[15 14  8 11  8 13  6]
[ 2 10 13 14 20 11  4 20  6  4 12  2 13 19]
[20 24  4]
[ 8  3  3  8 12 24]
[20 18 18  2  4 18]
[14 17 12 20 11 10 10  0  4 15 14 14]
[ 4 20 20 11  0  4 15  0  1 11  4]
[22  0  1]
[20 24 10]
[14 12 12  0 13  3  8 14 14]
[14  5  5]
[15 15 17 14  0  2 20  8 12 24]
[20  0 25]
[20  5 15]
[24 19 13 17  7 14 12  2]
[ 4  9 20 22  4 13  0  3  8 13  6]
[ 0 12 15]
[ 4 22 22 16 12  6]
[12  7  4  4  0  3]
[22  0  1]
[17 14  3  4  2 19 24 14 13 18]
[13 20 20 18 20 17 17  4 25  7  3  4 20]
[ 4 17 14]
[14  7  1 11  4]
[ 0  3  3 18  4 17  8  0  4 11  4  4  0]
[14 20  7  8  4]
[20  6  6  8 13 18]
[14  4  4  6 11 19  4  6  8 11  6 13]
[14  7 15 11  4 24]
[14 24  1 11  4 12  4 13 24]
[20 12 15]
[ 6 14 13  8 25  8 13 24 11 24]
[ 4 22 14 17 10 13  1  8  4]
[ 6 14 20 24 19 18 12 18 10 14]
[12  1  4 20  2  4 18]
[14 21  4 17 13  8 13 24]
[ 2  2  4 20 13  4  0  1 11  5 11 19 24]
[ 0  5  4  0  4 17  3  0]
[12  0  4]
[20 17 17 14 20 13  0  4  0]
[17  0 13  6  5 14 15  4]
[14 12 15 11  4 23]
[ 4  2 14 20 13  4  0  1  8  3  8 12 24]
[ 4 23 14]
[ 4 14 24 17 12 15  7 24]
[17 11  6  7  4  4 20 11 11 24]
[ 4  4 10 14 17]
[20  8  4 25  7  4  0 11  3 24]
[14 20  4 17 13  8  4 24]
[ 0  4 13]
[ 0  4 13 19  4 17  8 12]
[15 14  8 11 19 13 24]
[ 8  3  3  8 12  6]
[ 4  2 14 12  5 17  4 18 18]
[12  1  4  0  2  4 18]
[17  0 13 18  5 14 17 12]
[14 20  4 17 14  8 13 14]
[ 4 20 20  8 13 24]
[20  8 12  0  8  4  0  4 19 24]
[14 17 12  0 15  8  4  4  0 24  4 13]
[20  3 25  4  7  4  0  3 23 24]
[20  4  4 11  4 12  0 13  0]
[12  8 19  4  4  3]
[20  8  4  4  8  4  0  4 11 24]
[ 4 17 10  2 13 21]
[ 4  5  4 21  4 17  7  4]
[12  8 19  0  4  3]
[13  0 14 14 22]
[12  1  4  4  4  3]
[13 13 14 20 13 14  8 20 24]
[0 4 3]
[ 2 20 14 20 20 24  0  1  8  4 11 17 15]
[ 4  2 14  0  4  0  4  4  0  1  3 24]
[24 12 15  0  4  7  4  0 11  2  2  5 11 24]
[17 14  9  4  2 19  8 14 13 18]
[22  0  7]
[13  7  4 13 18  4  4 20  4 13 17  6  0 11]
[ 0  4 13 11 13  0]
[13  2 14 13 18  4 19 20  4 13  8  2  4 11]
[ 6 14 13  8 25  8 12  6  6 10]
[14  4 15 11  4  7]
[13  4  0 13 18  4  6 20  4 13  4  1 20 24]
[ 3 13  0 10 19 18  3]
[ 8 18  5 20  0  6  8 17  8  4  3]
[ 2  4 15  1 14 14  4]
[22 13  1]
[ 7  8  8 13 24]
[15 15 17 14  0 14  7  8 13  6]
[15 15  4 14  0  4  7  8 13  6]
[14 12 15 11  0 23]
[ 4 14 24  4  0 15  7  6]
[ 4  7  8 12 14]
[ 4 13  0]
[ 4 14 24  4  0 15 13 14]
[4 4 7 4 4]
[15 15 17 14  0  4 20  6 13  4]
[ 0 23  8]
[15 14 11 11 19 13  6]
[ 0 22 13 17 10  0  7 11  4]
[14 17 12  0  1  8  6  0 25  8 14 13]
[20  8 25  8  8  2  0  4  6  6]
[ 0 10  4]
[ 4  0 10  2  0  6]
[10  8  8 13 24]
[24  6 14 15  7 14 13  4]
[ 6  0 12  8 12  8 13  6 11 24]
[13 13 14 20 13  2  8 13 18]
[17 14  9  4  2  0  3 14 24 18]
[20  0 12]
[22 12 15]
[20 17 17 14 20 20  3  4  3]
[12 20 20 24 22  4  4  0  1 24  4]
[24 11  4 25  7 14 20  4]
[13 13 14 20  4  2  8 13 24]
[14  0 12  0 13  3  8 20 24]
[14  0 12  0 13  3  8 13  6]
[15  5 17 14  0  4 20 24  4  6]
[ 4  2 15  0  2  8 14  6]
[ 4  0  4  7 14 14 10]
[13 13 14 20  0  2 10 13 14]
[ 0  3  0 18 24 17 19  0 25  7  4  4  3]
[17  3  6  3 24  4 20 24 11 24]
[ 4 22 21  8 12 24]
[14 11  2  0 13  8  4]
[ 4  0 13  6 15 14 17 12]
[10  9  8 13  6]
[ 0 24  8]
[ 0 18 15  8  5  3  2  4 17  6  4 13 18]
[14 12 15 11  4  0]
[20 22 14  4  4 13  6 11  4]
[ 4 13 20]
[ 4  4 10  4 17]
[ 2  1 13 14 22  6  4 20 24  4 12  4 13 19]
[17 14 10  4  4  5  7 14  0 14]
[14 17 12  0 11  9 10  0 19  8 14 13]
[20 17 17 14 20  0  3  0  3]
[ 7  0  3 20 22]
[14  4 11  0  2 19 13  3]
[ 8  0  3  8 12 25]
[ 4 10 13 14 22  8  4  3  6  4 12  4 13  4]
[ 4  9 20 22  4 14  0 18  8 12  6]
[ 4 13 20]
[20  2 17 14 20 13  3  0  3]
[ 0  4  7  8 13  6]
[17 15  4 14  0  4 20  2 13 24]
[20 13 15]
[ 4 22 20  8 13  6]
[ 5 14  9  4  2  4  8 14 14 18]
[0 0 4]
[ 0  4  4  0  4 17  8  4]
[ 0 23  8]
[ 0 13 20]
[13  8  4  4  4  3]
[12  1 17 14  2  4 18]
[ 0 12  6 20 15  2 10]
[ 0  3 17 10  4 10]
[20 24  0  4 10  2  0 24 24 20]
[ 4 23  8]
[ 0 13 25 20 11 18  7]
[13  4 14 12  5 14  2 24  0  7  4  6]
[ 4 21 20  8 13 24]
[ 0  2  7  8 12  6]
[ 0  5  4 10  0  4 18  0]
[14  4  4  0 13  6  8 13  6]
[10  3  7 14  0]
[ 7  0 20 14 22]
[20  5  5]
[20 12 15]
[14 12  0 12 20 14  3 20  0]
[13 13 14 17 20  0  1  1 14]
[20  8 25 25  8  2  0 11  4 19]
[ 4  0  4  1 14 14  7]
[17  8  6 13  1 19 20 11 11 24]
[ 4 17 14]
[14  3  3 15 14]
[ 4 24  8]
[20 18  8  8 19  8  4  0  3  8 14 13 13]
[20  4 25]
[ 4  2 14  0 12  4  4  0 18]
[20  0  3 14 22]
[20  0  1]
[14 11 14  4 13  8  2]
[ 6  3  3 19 13  6]
[ 0 24  8]
[14 12 15 11  4 12]
[14 12 15 18 14 20]
[ 6  4 24 15  4  2 24  4  3]
[ 0 13  6 20  8 24  7]
[12 20 17 14  0  4  0]
[ 4  2 14 20 13 24 12  7  8 10  8 12  6]
[ 4 14  6  4  0  4  7  6]
[14  0 22  6 20  3  8  6 14]
[ 0 10  0]
[ 4  0  4  4 17]
[20  2 18 14 20 13  3  4  0]
[ 4  4 11  0 17 11 13  6]
[ 0 13  6 20  7  3  7]
[13  4 14 13 18  4 15 20  4 13 11  8  0 11]
[20 24 18 11  4 12  4 13  4]
[14  0 12 14  0  3  8 13  6]
[15 15 17 14  0  4  7  8 13  6]
[ 2 10 13 14 22 11  4  3 24  4 12  4 13  4]
[12  7  4  0  4  4 18]
[20 13 15]
[ 4 17 14]
[24 14 13  8  4  8 13 24  3 24]
[14  0 12 14 20  3  7 20 24]
[ 4 14 11  4 17  8 12  6]
[20  6  6  8 12  6]
[ 4  4 10  4  5]
[10  8  8 13  6]
[ 4  4 23  0  4  7 13 15]
[ 2  4 14 20  4  0 12  1 13 11 10  0 15]
[ 0  4  7  8 12  6]
[17 14  9  4  4  7  8 14  0 18]
[15 14  8 11  8 13  6]
[ 4  0  4  1 14 14 10]
[20 24 17 14 20 10  3  4  3]
[13  3 20 18  8 15  8  0 11  8  4  0  3]
[14 20  4 17  4  8 13  6]
[11  3  3 11  0  6]
[ 4  0 10  4  4]
[ 0 12 15  8 12  0]
[ 0  3 19  8  5  8  4  0 12  8 14 13  0]
[ 6  4  0  4 11 11 25  3 19  8 14 13]
[ 4 14  6  4  0  4 22 24]
[14 14 24  1 20  6]
[14 12 15 11  4  0]
[ 6  4 24 15  4  2  0  4  3]
[ 4  0  4  1 14 14  7]
[ 0  3 20 22  0 13  0 12  2 22 24]
[22  0  7]
[12  2 14 14 18  4  6 20  4  0 12  8  0  3]
[13  2 14 13 17  4  4 20  4 13  4 11  0 11]
[14  1  1 11  4]
[ 4  0  4  1 14 14  0]
[15 14  8  6 11 13  6]
[ 2  4  4 14 22  6  4 11  6  4  0  4  0  4]
[ 4  0 22 18 17 14  4 13]
[ 0 12 12  0  4  3 19 13  4]
[20 18 24  8  4 11  2  0 15 24 14 22 18]
[20 17 17 14 20 13  0  4  3]
[ 0  7 20 16 14 20 18  3  6]
[13  3 20 18  4 17  3  0 11  3 25  4  3]
[ 4 13 14 20 13  2  6 13 20]
[20 24 24 10  0  4  3  0  8]
[ 4 22  4]
[ 4  0 17  1 14 14 10]
[10  8  8 13 24]
[ 4 17 14]
[13 17 14  0  3 20  2  3  0  1 11  1]
[13 24 24  8  4 12  4 13 19]
[10  8  8 13 24]
[ 4  4 11  0 17  8 13 19]
[ 4  2 14 12 15  4  4 18 18]
[ 7  0  3 14 22]
[0 4 4]
[17 14  7  4  4  1  8  4 13 18]
[12  8  6 24  4  3]
[20 18 17 11 17 11  2 13 17  6 14 22 18]
[ 6 14  8 23  4 22  6]
[14 12 15  0  4  0  3  7  4  4 11 24]
[14  7  7 11  4]
[14 13 15  0  4  0  3 11 20  4 19 18]
[ 2  2 14 20 20 24  0  4 25  4 15 24 13]
[ 4  0 12  1  3 14  4]
[ 4 13  0]
[14 10  4 19  6  3 24  6]
[13 20 20 24 13  4  4  0  1 17  4]
[13  4 14 12  5 14 17 24  4  7 11 24]
[14 12 15 11  4 23]
[20  0  3]
[20  7  8 13  6]
[0 4 4]
[12  1 17  0  2  4 18]
[0 4 4]
[20  8 10 25  8  2  4 11 11  6]
[13 22  0  4 17 12 20 11  0]
[ 4 24  4  0 13  7  4]
[13 13 14 20 20  2  8 12  6]
[ 6 12 12  0 13  3 15 13  6]
[ 7  8  8 13 18]
[24  8 14 15  7 14 13  4]
[14 12 12 13 20  3  8 22  6]
[15 14  3  6 11 20 14]
[15  3 14 11 24 17  7  4 11 17  4  4 22]
[ 0 12 15]
[ 4 14  6  4  0 15  7 24]
[ 4 14  8 11  8 13  6]
[ 4  2 19  0 17  8 13 15]
[21 12 15  0 20  7  4 20  8  4  0 24 19 24]
[ 4 13 20]
[ 4  2 14 12 15 24  4  4 18]
[20 12 15]
[ 4 21 20  8 13 24]
[ 0 24  4]
[14  1  1 11  4]
[ 2 10 13 14 22 11  4  3 24  4 12  0 13  0]
[15 14  8  3  1 13 24]
[20 24  6 11 13 17]
[ 0  2 10 15  4  6]
[13 17 14 12 15 14 17  4  0  1 11 24]
[15 14  8 19  8 13  4]
[ 4  4 10  4  4]
[20  0  0 11  0  4]
[ 0  3 24 10 13 24]
[20  5 18]
[ 0  1 20 24 14 20 18 11 24]
[ 2 10 14 20 13  0  4  1 24 19  0 10  6]
[20  4 25  6  4 12  4 13  4]
[24 12 15  0  4  7  4 19  8  2  0  6 11 24]
[20 11 24  4 15  2 20 11 11 24]
[14  3 20 18 12 17  3  0 10  8 25  4  3]
[15  3  3 19 13  6]
[ 4 13 20]
[24 11 14 15  7 14 13  4]
[ 0  3 20  2  4 20  0  3  8 20 14]
[ 2  0 12 18 17 14 17 12]
[10  3  3  8 13  6]
[ 7  8  5 13  6]
[13 13 14 20 13  4  1 13  6]
[20 17  4]
[ 4 20  6 20  1 24  7]
[ 4  0  4  1 14  0  4]
[ 4  0 10]
[ 4 14  6 17 14 15 10 24]
[15 14  8 19  8 13  6]
[ 8 18 24 20  0 19  8  4  8  4 20]
[20  0  4  7  5 17  2  0 24  7 14 12  1]
[ 0  4  4  4  4 17  8  4]
[ 8 18  6 20 20 11  8  4  2  4  3]
[10  8  8 13  6]
[ 2  2 14 20 13 19  0  1  8 15  8  4  6]
[20  3 20 18  0  4  2  0 11  8 25  4  3]
[20  4  4]
[12  1  4  4  2  4 18]
[ 4 25 25 10  4 19 13 11 11 25]
[20  0  1]
[15 14 20  6  9  0 14]
[ 0  0 10]
[ 4  2 15 10 17  8 13 21]
[14  2  0 12  2 14 17 20  0  1 11 15]
[ 4  6  6 15  7  4  0  4]
[14 19  2  0 13  8  2]
[10  9  8 13  6]
[ 0  1 20 11 14 20 18 11 24]
[ 0 13  5  7  8  6 13]
[0 4 4]
[ 4  4 14  0 13 19  0  1  6 11  6  0 24]
[ 0  4 14 12 14 17  4  1 18]
[20 17  4]
[ 4 13  7  8 12 24]
[12  1  4  0  4  4 18]
[ 4 14 10  0  3 18 20]
[ 8  3  3  8 13 24]
[ 4  2 14 12 15  4  4 18 18]
[ 4 14  6 17 14 15  1 24]
[4 4 0]
[ 4 17 14]
[14  7  4  0 13  8  4]
[ 4  4  0  4 15]
[ 4  0 13 18  5 13 17 12]
[ 4 23  8]
[ 0 22 14  0 10  0  1 11  4]
[13 17 14 13 18  4  6 20  4 13  4 19  0 11]
[ 0  2 14 12  5  0 17 19  0  1 11 24]
[ 6 20 20  2  4  4  4 13 18 14  4]
[13 17 20 11 13  4 17  0  3 24  4]
[ 4  2 14 20 13 19  0 24 15  4 11 17 12]
[ 0 24  8]
[ 0  4  7  8 13 14]
[ 4  2 11  0  4  8 13 24]
[ 0  3  0 18 20 17  8  0  6  8 24  4  3]
[0 5 4 0 4 2 8 0]
[15 15 15 14  0  4  7  8 13  6]
[ 0  4 23  4  4  2  4  0  3]
[20 17 17 14 20 13  0  4  3]
[14 20  4  4 13  8 20 24]
[14 12 15 11  4 23]
[ 4 18 13  0 12  6]
[20 25  7 10  4 12  4 22 12]
[12 22 14 17 18  4  7  4  0]
[ 4  7 20]
[14 20  2  0 12 11  4]
[ 6 14 13  8 25  8 13  6 11 24]
[ 4 20 20 24 13  4  4  0  1 25  4]
[13  4 23 15  4  4  0  4  3]
[ 6  6 19  8  5  8  2  0 19  8 14 13 18]
[ 4  6  6  8 12  6]
[ 4  4  7  4 17]
[ 4 14 15 17  0 15  7  6]
[8 3 3 8 4 6]
[13 17 14 12  5 14 17  3  0  1 11 21]
[0 7 4]
[ 4  4 10 14 17]
[ 0  4  4  8 13  6]
[ 2  2 14 14  0 25 12  1  8 11  8  3 24]
[20 25  4]
[20 24  4 11  4 12  4 13 19]
[ 6 14 13  8  6  8 13  6 11  6]
[ 4 17 14]
[ 6 14 13  8  4  1 13  6 11 24]
[14  1  1  6  4]
[15  0  3 24  7 14 24]
[ 0  4 14]
[15 14 15  8  8 12  6]
[ 4  2 14 12 15 17  4 18 18]
[ 4  0 13 18  4 14 17 12]
[13  2 14 13  7  4  6 20  4 13 19 24  4 11]
[ 0 10  4 14 22 11 20  1  6  4  0 22  0  4]
[ 0  2 10  8 13  6]
[ 0  1 12 11 14 20 18 11 14]
[13 14 14 20 14  0  4  0  6]
[14 12 13  0 13  3  7 14 24]
[ 4 21  7  8 13  6]
[10 19 24  8  4 17 14 11 19 24]
[20 12 15]
[ 4  2  0 12 15 13  4 18 18]
[ 4  5 24  0 10  0  3]
[ 4  0 13 18  5 14 17 12]
[20 25 24 19  4 12  4 13  4]
[13 14  8 11  6 13  6]
[ 4  8  6 20  0  5 20 11 19 24]
[ 4  8  6 20 24  5 20  7  3 24]
[13 20  7 11 13  4  4  0  1  4  4]
[20 11  4  4 11  4  6  5 11 24]
[17 14  9  4  4  0  8 14  0 18]
[ 8 18  6 20  0 11  8  5  8  4  1]
[0 4 4]
[15 14  6 11 16 12  6]
[15 15 17 14  0  4  7  8 13  6]
[ 4  6 14 15  7 14 13  4]
[ 4 14  6  5  0 15  7  6]
[0 3 4]
[15 18  4 22  0 11 11 15  8  4  3]
[ 0  3 19]
[ 4  4 25  4  2  8 13  6]
[24 12 15  0 18 13 19 24  8  4  0 10  2 24]
[17 14  9  4  2  0 11 14 13 14]
[20  3 25]
[ 4  3 20 24  4 23  8  4 15  8  7  4 20]
[14  3 20 11 14]
[ 4  7  4 25  2  4 18]
[ 7  0  3 14 22]
[ 4 13 20]
[20  2  5 14 20  0 11 14  3]
[ 4 17 14]
[ 4 21 20  8 13 14]
[20  5 17]
[ 0  4 10  1 13  6]
[ 4 14  6  4  0 17  7 14]
[ 4 14 15 15  4 24  3 24]
[12  1 20 11 14 20  6 24 24]
[14  0 12 14  0  3  8 12  6]
[ 0  2 14 13  5 14 17 20  0  1 11 24]
[17  0  4  0  3 14 17  4]
[ 8  3  3  8 10 10]
[20 18  5  8  5  8  2  4 19  8 14 13 18]
[17 14  9  4  2 19  7  4 13  6]
[13 21 20 11 13  4  4  0  1  6  4]
[ 7  4 17 14  0  4  7 14  3]
[ 0  3 25]
[20 18  9 11  4 12  4  0 10]
[ 0  4  4  0  4  4 18]
[14  7  1 11  0]
[20  6  6  8 13  6]
[ 0  4 14]
[ 4 14  0  4 13 15 13 24]
[ 7  4  0 14 14]
[20 12 13]
[20 18 24  8 15  8  2  0 12  8 14 13 18]
[ 4  0  4  0  4  0 12 20  8 19  8  3  1]
[14 12 15 11  4  0]
[12 20 20  8 12  0  4  0  1 11  4]
[ 8 24  6 20  0 19  8  5  8  4  3]
[20 18  0  8  6  8  2  0  0  8 14 13 18]
[14 11  4  0 13  8  2]
[ 4  1  8 13  4]
[ 0 20 20 11 14 20  6 11 24]
[20 12 15]
[ 0 13 15 20  8  0 13]
[ 0  3  1 11  4]
[ 4 14  6 17 12 15 10 24]
[14  0  4  4  4 23]
[13  2 14 13 18  2  4 20  2 14 24  8  0 19]
[ 0 12  0  0 13  3  8 12 24]
[24 12 15 20  0  7  4  0  8  2  0  4  4  6]
[24  4 14 20  8 18 20]
[24  6 14 15  7 14  0  4]
[ 4 17 14]
[ 4 13 20]
[14 11  2 24 13  8  2]
[10 19  8 12  6]
[14 20  4  4 13  8 12  6]
[22  0  1]
[20 25  4]
[ 0  4 10 24  4  4 23  4  3]
[ 0  4 20 10 13 14]
[ 0  4 20 11 14 20 18 11 24]
[14 22  4 17 12  1 13  6]
[13  4 20 11 13  4  4  0  1 11  4]
[14  1  1 11 20]
[0 3 0]
[ 4  3 20 20 15 13  0  4 19 13 24]
[13 21 20  8 13  4 17 12  1  6  4]
[24 12 15  0 12 10 14  5  8  4  0 11 24 15]
[14 12 13 11  4  0]
[ 4 13 20]
[ 4  0  4  1 14 14 10]
[13  4  6 13 18 14  6 20  4 13 15  2  0 11]
[0 4 7 4 4]
[10  8  8 13  6]
[14 12 15  0  4  0 20  8 20  4  6 14]
[11  0  0  8 12 24]
[ 5 15 17 14  0  4  7  8 13 24]
[ 4  2  4  0 17  8 13 14]
[ 4  0  4  7 14 14  0]
[ 4  2 14 12 15 17  4 18 18]
[14  1  1  8  4]
[20 24  3 14 22]
[22  8 13 25  8  2 13 11 11 24]
[ 4  4  7  4 17]
[20  0  4]
[ 0 12 15]
[20 25 25  8  4  0  4 13  0]
[22  0  1]
[4 0 4 7 4 0 4]
[13 20 20 25 13  4 17  0  1  4  0]
[4 6 4]
[ 4 14 20  4  2  1  8 14 13 18]
[ 4  9 20 21  4  4  0  4  8  0 24]
[13  4 14 13 18  4  6 10  4 13  0  3  0 11]
[ 0 23  8]
[ 4 14  6  4  0 15  7 15]
[17 14  9  4  2 10  8 14 13  1]
[ 4 22 21  8 13 14]
[20 12 15]
[20 12 15]
[13  3 20  7  4 17  3  0 11  8 18  4  4]
[12  8 12 19  4  3]
[14 12 15 17  4 23]
[ 4 10  0]
[24 12  6  0  4 19  4  4 18  2  0  3 15 14]
[13  4  0 15 14  4 25  4  3]
[13 14  0  0  2  4 17]
[ 8  3  3  8 13  6]
[14  4 25  8 13 24]
[20  4 19  8  4 12  4 13 24]
[10  8  8 13  6]
[ 0 10  8]
[ 4  4 10  4  4]
[ 4 17 14]
[14  0 15  8  4  0]
[24 12 15  0  4  7  4 15  8  2  0  4 11 24]
[13  4  4 12 15 14 21 19  0  1 19 24]
[13  4  0 15  4  2  4  0  3]
[14 12 15  0  4  0 12 11 20  4  1 15]
[ 4  0  4  1 14 14  7]
[ 4  0 10 14 17]
[ 0  2  3 19 13 21]
[ 4  2 14 12 15 15  4 18 24]
[ 4  4 10  4  4]
[ 4  8  6  7  8  4 20 11 11 24]
[4 0 4]
[ 6 13 19 20  7 18  7]
[14 15 13  0  1 11  4  0 24 19 14 13]
[14  0  0]
[ 4  0 17  7 14 14 10]
[ 4  4 20  8 13  6]
[12  8  4  4  4  3]
[13  4 14 13 18  4  4  0  4 13 15  8  3 19]
[15 14  8 11  8 12  6]
[ 0 10  4]
[14 17 12  0 11  8 25  0  4 18 14  0]
[ 0 12  0 13  1  8 12  6]
[7 8 8 4 6]
[25 20 20]
[20 25  4 11  4 12  4 13 19]
[13  1  4  0  2  4  4]
[ 0 12 14 17 10  0  1 11  4]
[ 8  0  3  8 13  6]
[ 8 18  6 20  0 11  8  5  8  4  3]
[13  4  0 15  4  2  6 15  3]
[20 24  6 11 13  6]
[ 0  3 20 11  3 20 14  6 24]
[ 0  4  4 15  4  2  0  4  0]
[14  4 12  0 13  3  8 13  6]
[7 0 3]
[13  4 14 20  4  2  8 12  6]
[10  0 12 18 17 14  4 12]
[17  8  6  7  3  8 21 11 19 24]
[10  8  8 13 24]
[20 24  0  4  0 12  4  0  4]
[ 4  4 20]
[14 12 15  0  4  0 19  8  0  4 11 24]
[ 2 10 13 14 22  6  4  3  6  4  0  4  0  4]
[ 3  0  4 17 13  8 13 20]
[20  8  4  4  8  2  0  2 10 24]
[22  0  1]
[18 14 14  8 25  1 13 24 19 18]
[20  0  4 11  4 12  4 13  4]
[20 24 24 19 13 24]
[ 4 14 24  4  0 15 10 24]
[10 10  8 12 18]
[13 13 14 20 13  2  8  4  6]
[ 0  4  4 20  4 17  8 12]
[14 12 15  8  4 23]
[ 6 14 13  8  4  8 12  6 11 15]
[ 0 23 11]
[14 20 20 11  4]
[20  8 25  7  8  2  0 11 11 24]
[14 12 15  1  4 23]
[20  6  4]
[14 12 15  0  4  0 14  8 22  4 11 24]
[4 0 8]
[ 2 17 12 14 22  3 17 14  0 17 12 17 12 25]
[14 17 12  0 11  8  4  0  3 15 14 13]
[14 20  2  0 22  4  0]
[12 11  8  2  4  4 18]
[13 18 20 11 20  4 17  0  1 11  4]
[ 4 14 18 17  0 15  7  6]
[20 12 15]
[14 17 12 13 11  8 24  0 19  8 14 15]
[15 14 20  6 23  8 12  6 11 24]
[ 4 20 20 25  4 13  0  4 25  3 20]
[0 4 4]
[ 0  4 13  7 14  6]
[ 4 20  0 11  7 14  6]
[ 4  2 14 20 13  0  0  1  1  6  8 19 15]
[15 14  8 11  8 13  6]
[ 4 17 14]
[11  3  3  8 13  6]
[ 6 14 13  8  4  8 13  6 11 15]
[ 0  5  4  0  4  4  8 12]
[ 7  0  3 14 22]
[13  2 14 12 15 14 13  4  0  1 15 24]
[24  8 14 15  1 14 13  4]
[20  0  0]
[ 4 17 14]
[4 7 8 4 6]
[0 0 1]
[ 4 20 20  8 13 20]
[ 4 25  7  8 13  6]
[15 15 10 19 13  2  7  6 13 24]
[20 24  6  8 13  6]
[ 0 10  4]
[ 6 12 15  0 10  0  4 11 17  3 11 24]
[20 17 12]
[13 20  0 11 13  4 17  0  1 11  4]
[17  3  6  7  3 17 20 11 11 24]
[20  0 20]
[ 6 14 13  8  4  8  4  6 11 24]
[ 0 18 20 16 13  4 20  0  1  6  4]
[ 6 14 13  7  0  3 13 24 24  6]
[13  0 14 17  4  0  7 17  4]
[20  4  4]
[ 4  0 17  1 14 14 10]
[13  4 14 10 24 13  0  4  4]
[14 14 12  0 11 11  0  4 24  8  6 13]
[22  0  1]
[22  0  1]
[13 22 14 17 10  0 10  7  4]
[20 17 17 14 20 14  0  4  0]
[ 2 13 14 14 20 24  4  3  6  4 12 15  0 24]
[ 0  4 23 15  4  4 18  4  3]
[ 4  2 14 12 24  4  4 18 18]
[ 2  2 14  0 13 19  0  1  8 19  8 12 24]
[14 12  4  0  0  3  8  0  6]
[20 25 23]
[24  3  3  8  0 14]
[12  1 17 12  2  4 24]
[ 0  2 10  8  0  6]
[ 4  4 20  8 12 24]
[ 0 23  8]
[20 25 18]
[13  0  3 14 20]
[15 14  8 24  8 13  6]
[23  4 15 14  0 13  4  4 11  2  6 11 11 24]
[13  4  0 15  4  2  4  4  3]
[ 5 18  0 20  0 11  8 19  8  4  3]
[14 14 24 17 12 15  1  6]
[ 4  0 17  7 14 14 10]
[ 4  2 11  0  4 18 20 24]
[ 6 13 17  6 14 14 23]
[ 6 14 13  8  4  7 20  6 11 24]
[ 4  2 14 12 15 17 14 11  3]
[ 4 24 20]
[ 6 14 13  8  6  8 13 24  8 12]
[ 4 14 18  4  0  4 20 24]
[ 2 10 13 14 22 11  4  3  6  4 12 19 13 24]
[15 15 24 14  0  4  7  8 13 20]
[14  1  1  6  4]
[13 21 20 11 13  4 17  0  1 15  4]
[ 7  8  8 12  6]
[14  0 12  0  0  3  8 12  6]
[12 20 17  4  2  4 18]
[12  2  0 12 18  4  6  0  4 20 13  8  0 11]
[13  4 23 17  4  2 24 12  6]
[14  0 14 10  4  0]
[ 7  0  3 14 22]
[ 0 17  4  4  4 17  7  4]
[17  8  6  7 24  5 20 11 11 24]
[24 12 15  0  4  7  4 17 10  2  0 11 11 24]
[22  4  1]
[13  4 23 15  4  4 24  4  3]
[ 4 10  4  1  4  6 10]
[ 4  2 14 12 15 17  4 18 14]
[ 0 12  8]
[15 14  8 11  8 13  6]
[24  6 14 15  7 14 13  4]
[ 4  6  4  0  4  4 11  4]
[20 24  6  8 13  6]
[ 4  2  2  4  4  8 12  0]
[ 0 10  8]
[14 12 24  0  4  4  0  8 22  4 10 18]
[15 15 17 14  0  4 20 16 14 24]
[20  3 20 24  4 15 10  0  4  8 12 20  3]
[ 4 14  6  4  0 15 20 24]
[20 24  6  8 13 24]
[15 20  0 18  5 14 17 12]
[24 12 15  0 19  8  4 22  7  4  0  3 24 24]
[ 8  3  3  8 13 24]
[15 14  8  3  8 12 20]
[20  2 17 14 20 14  3  0  3]
[ 0 23  8]
[10  3  3  8 13  6]
[14 12 15  0  4  0 19  8 21  4 11 15]
[ 4  7  4 17  0  8 13  6]
[17 14  9  4  2  0  8 14 13 18]
[ 4  4 11  0 17  8 13  6]
[14  0  4  0  0 14  8 22  4]
[ 0  6 24  3 13 24]
[20  2  1]
[ 4  0 13 18  5 14 17 12]
[ 4  4 11  0  2  8 13 18]
[ 4 13  0]
[20 12 15]
[ 2 10 13 14 22  8  4  3  6  4 12  4 13  4]
[4 7 4]
[ 8 18 14 20  4 15  8  0  8  4  3]
[ 4  2 14 14 13 19  0  1 11 19  8 19 21]
[ 0  1 20 11 14 20 18 11 24]
[13 22 14 17 20  0  1 11  4]
[14  0 12  0 12 22  8 12 24]
[12  1 17 14  4  4 18]
[ 0  0 10  0  4]
[ 0  1 20 11  6 20 18 11 24]
[ 4  3 20 21  4 13  4 19  8 13  6]
[ 4  4  6  0 17  3  0  6]
[0 4 4]
[ 2  0 13 18  5 14 17 12]
[15 15 17 14  0  2  7  8 20 24]
[14  0  6 10 14]
[15 14  5 11  8 12  6]
[ 4  4 14]
[20  8  1 19  8  2  0 11 19 24]
[0 4 0]
[20 13  4]
[ 0 14 24  4  0 15 24  6]
[ 0 15  4 15  4  4 17 13]
[24 12 15  0 19 13  4 19  8  4  0 11  4  6]
[13  2 14 12 15 14 17  4  4  7  8 14]
[14  0 15  0  4  0 12  8 21  0 11 24]
[13  2 14 13  4  4  6 20  4 13  4 11  0 19]
[ 3 23  8]
[ 0 23  8]
[14 12 15 11  4 23]
[20 24  8]
[ 4 14  6 17  0 15  7  6]
[17  0 13 18  4 14 17 12]
[14  0  4 17 14  0 13 14]
[13  3 20 23  4 17  3  0 11  8  4  4  3]
[ 6 14 13  8 25  8 12  6 11 15]
[ 2 10 13 14 22  2 10 14  0  4 13  4  0  4]
[22 24  5]
[20 25  0 10  4  0  4 20 24]
[12  3 20 18  3 17 11  0 19  8 24  4  3]
[17 14  9  4  4  7  8 14 12 18]
[20 17  4 14 20 13  3  4  3]
[ 0 23  8]
[10  8  8 12  4]
[ 0 13 20  2 13  6]
[14 20  2 17 13  8 13 24]
[15  8  6 10  0  5 21 11 19 24]
[24  6 14 15  7 14 13  4]
[ 6 14 13 16 12 15 13 24 11 20]
[ 8  3  3  8 13  6]
[ 6 14 13  3 25  8  4  6 19  6]
[12  2  1 10 13 14]
[0 4 4]
[ 2  2 10  8 13 24]
[20 24 18]
[20  0 15]
[14 12 15  8  4 23]
[20  0  4]
[ 4  4 14 12 15  4  4 18  0]
[15  4 14 20 13 19  0  1  8 11  7  4 13]
[ 0  4  4  0  4  0  8 13]
[20 12  6]
[13  0  3 14 22]
[20 17  3]
[14  7  4 17 14  8 13  6]
[14 13 17  2  4 25]
[20 15 24  6 15  2  0  4 11 24]
[14 18  2  0 13  8  2]
[20  3 25 25  8 17  0 11 11 15]
[13  7  4  0  4  4 18]
[20  6  6  8 13 15]
[13 13 14  0 13 14  8  6  6]
[14  0 12  0 13 20  2 13  6]
[12 22 20 24 10  0  1 11  4]
[ 0  5  4  0  4 17  8  0]
[20 12 15]
[ 4 20 20  8  4  6]
[13  3 20 18  0  4  8  4 11  8  4  4  3]
[ 1  3  3  8 13 20]
[10 19  8  4  6]
[ 3  0 12  0  4  3  8 13  3]
[14 24  4 11  4 12  4  0  1]
[ 4  2 14 20 13  0  0 10  8 11  8  0  3]
[ 8  1  3  8 13  6]
[13  3 20 24  4 17  8  0 15  8 24  4  3]
[ 4  0  4  1 14 14  4]
[20 17 17 14 20 13  0 12  0]
[ 0  2 10 24 13  6]
[20 25  6 11  4 12  4 13 19]
[15 14  8 19  8 13 20]
[13  4 23 15  4  2  4  4 20]
[13  4  0 12  5 24 17 24  4  1 24 24]
[ 0  4 17 15  4  2  0  4  3]
[14 13 15  8  4 23]
[4 5 4]
[24 14 18 17  0 15  7  6]
[14 11  2 10 14  9  2]
[ 4 13 20]
[20  2 14 12  6 14  4 15  0  1 24 20]
[ 2 10 13 14 22 24  4  1  6  4 12  4  0  4]
[14 21  4 17 13  8  4  6]
[15 14  8 11  8 13 24]
[20 24  6 11  4 12  4 13  4]
[ 0  1 20  1 14 20 24 19 24]
[3 7 4]
[ 4 22 18 11  0  0]
[22 24  1]
[4 7 4]
[15 15 17 14  0  2  7  8  0  3]
[10  8  8 13  6]
[ 0 12 24  4 17  4 12  3  0  4 24 24]
[0 5 4 1 4 4 4 0]
[14 11  2  0 13  8  2]
[14 12 15  0 17  0  3  8 21  4  6 24]
[ 4  4 10  4  4]
[20 12 15]
[20 17 17 14 20 13  3  4  3]
[17 14  0 18  4 22  4 13]
[15 14  8 11  8 13 24]
[13 14  6 12  4 14  4  0  0  1 11 24]
[20 23  4 11  0 12  4 13 15]
[ 8  3  3  8 12  6]
[13  4 23 15  4  2  4  4  3]
[20  3 25 25  8 14  0 11 11  3]
[14 11  4  0 13  8  2]
[20 11  3  0  7  4  4 11 15 24]
[ 0 24  4]
[12  1 17  0  4  4 18]
[19  0 14  3 13 20  2 10 19  4 14]
[ 0 22 14 15 10  0  1  4 22]
[14  0  4]
[ 0 23  8]
[16 12 15  0  4  7  4 24  7  4  0  4 15 24]
[20  0  4 11  0 12  0  0  4]
[ 4  2 11  4 17  8 12  6]
[13 14  0 12  2  4 18]
[17 14  9  4  2  0  2 14 13 18]
[0 4 4]
[14 11  4  0 14  8  2]
[14  1  1  6  4]
[22  0  1]
[14  0 12  0 25  3  8  4 24]
[ 4 13  6 20 11 18  7]
[ 0 10  4]
[13 24  4]
[ 0  2 10  8 13 18]
[ 4 12  2  1 14  6 10]
[20 24  4]
[13  3 20 24  4  4 11  0 11 17  4  4  3]
[ 3 20  7  8 20 24]
[ 4 17 14]
[ 0  4  8 12 17  8 13 24]
[0 4 0]
[20 25 25 24  4 12 15 13  4]
[ 4  2 14 12 15 17  4 18 18]
[13 22 14  5 10  0  1 11  4]
[ 4  0  4  1 14 14 10]
[12  8 19  0  4  3]
[ 8  1  3  8 12  6]
[ 4 13 20]
[15 14 11 11  8 13  6]
[ 0 12  0]
[13 13 14 20 13  4  8 13  6]
