-0.215832695708
-0.458320356748
0.13161992621
-0.10556235824
0.11508912002
-0.00946655694318
-0.0761792206728
0.0136203425303
-0.286419391918
0.260855934889
0.342068039581
0.164680685712
0.159944771043
0.172876523277
0.325335825399
-0.111246631636
-0.557223963851
-0.0264853694006
-0.153150496335
0.0733586233509
0.158193140474
0.16747408262
0.0420402989258
-0.0681565458475
-0.383131942582
0.138454918595
0.115743522747
0.263250597822
0.155396712119
-0.00754188772712
-0.0917823239202
0.0188685715317
-0.67088623142
0.210188861775
0.152153192433
0.107726199984
0.341317069223
-0.131325294647
0.177149637757
-0.251766294497
-0.518700767047
0.0715853875059
0.228472823071
0.252630983441
0.0578583208058
0.186807288656
-0.0181946782178
-0.0424317900318
-0.30211684434
-0.0598048925429
0.0894529950815
0.238693606058
0.0833936695214
-0.0238055831322
0.149283034302
0.0988899801689
0.477652255227
-0.330285899934
-0.121965074966
0.00795958094401
0.173848731613
0.523458164343
0.346711755172
0.175666339732
0.902057457179
-0.113099792496
-0.136183695987
0.305615184861
0.431858341599
0.385060434838
0.597579266364
-0.00586594192969
0.893135977022
0.181552674398
0.194422850829
0.0307842413223
0.332992064157
0.665714942185
0.452897584174
0.18335323342
0.35812047918
0.226940974959
0.00663354597491
-0.0216862208993
0.116169608094
0.0635476705571
0.248547331543
0.500085416484
0.169572399803
-0.0393702952922
-0.0144200403662
-0.0272285750015
-0.205304607801
-0.0149361079558
-0.0145345322152
0.730721027239
-0.0516863862904
-0.298914457932
0.0930000532566
-0.142712225916
-0.183494279907
-0.133527644294
0.221595893503
0.511561798045
0.375480677068
-0.11521029126
-0.128586494198
-0.0851125759118
-0.224053860719
-0.131115392552
-0.051708887008
0.445357378908
0.0966592314861
-0.08800722465
-0.179796972154
-0.00734944302067
-0.359498081986
0.120026798554
-0.493000963587
-0.0304747723752
0.131645540627
0.121543495421
-0.676778178425
-0.244639147583
-0.0507112286432
-0.349020755952
0.17141326222
-0.15533432219
0.168507465169
0.214563072935
0.0197266089827
-0.672745411017
-0.423026253106
-1.04035850673
-0.793365878001
-0.836303576251
0.135846070895
0.10243175039
-0.502356350105
0.110693401918
-0.201681718774
-0.390606646545
-0.395390879519
-0.467038571307
0.120015051044
0.0361712167184
-0.0113954725587
-0.226849981509
-0.0945739931706
-0.629265527119
-0.800268096577
-0.524635759547
0.63708871574
-0.0702916427698
-0.113464492122
-0.211303197335
-0.284793868972
-0.0186682241856
-0.147127223373
0.111990010454
0.149163248462
0.0508575965523
-0.170463145199
0.13428649391
0.0441439222287
-0.384379962171
-0.2822952206
0.00637091923394
0.0657649007
-0.300972318533
-0.286730487139
-0.262521937425
-0.466331622596
0.215380704067
-0.546417358974
-0.580819801155
-0.392613360502
-0.145790603968
0.0723624798889
0.0310569936285
0.0155832781102
-0.009732767737
0.0545180651077
-0.594974623246
-0.152835585114
0.126121325398
0.170540437262
-0.0241128527107
-0.160080470516
0.0920672433727
-0.030071884158
-0.54959068883
-0.265549571607
-0.122207567247
0.0232439427497
0.364375231223
0.0659326080836
0.0985163742422
0.056177662269
0.119460176372
-0.562692667506
0.289968424302
0.0707937059553
0.0481262995535
0.287856844453
0.137905985146
-0.038827390103
0.635165038253
-0.0234322965181
0.0210060935554
0.473984546863
0.0394758267746
-0.099293546722
-0.143185484782
0.220085248102
0.658047761899
-0.279050742003
0.229523005382
0.265530162476
0.143015694976
0.168349973039
0.363609723664
0.122614819385
0.677083471279
-0.152876586931
0.192936526091
0.40195003513
0.3870450776
-0.0432189994578
0.0995382302324
0.138453612865
0.435496545395
0.523572365419
0.471397646884
0.627781823698
0.0345255052317
0.196151267606
0.111434720444
0.195767256781
0.107264816553
0.536153520599
0.275536815188
0.61500113037
0.069323872606
0.0242616082575
0.115618874363
0.229450842246
-0.212093474628
0.41321490763
1.09480992675
1.03173379714
0.443120081465
0.460462428303
0.118894360677
0.271236643298
-0.407612664165
-0.116947859996
-0.0402222449558
-0.356559639771
0.0141003404189
0.409401415953
0.240608375713
0.524312330137
-0.473549008138
-0.3762768601
-0.150954016787
0.192100703859
0.0218452481752
0.124222196466
0.233324767451
-0.118802255065
-0.0445876830308
-0.508240013588
-0.328938130255
-0.17233222621
0.427510520261
0.279530212109
0.229757057623
-0.00308716516424
-0.161753662769
-0.414436199309
0.136673798816
0.332411277369
-0.15494555956
0.175630412365
-0.073359138021
-0.302377456558
0.00368389141381
-0.253440207844
-0.0230880696363
0.437755954832
0.229183937116
0.114192676386
-0.0504899122387
0.0813292111822
-0.0244681405862
-0.20418038542
0.276784116139
0.524556352676
0.288037125416
-0.0346071307864
-0.12906870183
-0.210369319524
-0.0735692779717
-0.0591996006888
-0.222278328151
0.212044878744
-0.119886078363
-0.42261217486
-0.0684193677036
-0.551980667549
-0.352957752738
0.759676538982
-0.24235354572
-0.744638842446
-1.10539594574
-0.110979080788
-0.59392592883
0.307740176422
-0.80993861426
1.3333312141
-0.010473954827
-1.85864050225
-0.667536820607
-0.778770509776
-0.441840203028
-0.145650245942
-0.405434471848
1.85951539184
0.463003530897
-0.371079074685
-0.57485271732
-0.475045242144
-0.789632567224
-0.172391237639
-0.217952389039
0.460257169275
0.523346736247
0.0969180265761
0.109379750516
-0.0772296803757
-0.0165787349365
-0.3153878278
-0.169290943564
0.169150157253
-0.14321651405
0.192927520285
0.194825844763
0.0561284792424
-0.0434687852695
-0.287768402698
-0.462367054959
-0.342358211422
0.11845947796
0.188879674026
0.184495148954
0.222627593203
0.346983858294
-0.223137152168
-0.654507987695
-0.148485742347
-0.0334566400856
0.312964919676
0.416072982402
-0.0957258823285
0.163473625331
0.0850080918019
-0.132195843674
-0.144294679706
0.167210314807
0.405264402787
-0.0703689909698
0.251718201221
0.109573390286
-0.00196126465637
-0.0461430462413
-0.428573500221
-0.166632308103
-0.0769064477467
0.493769110396
0.0961218770156
0.625475475205
0.145802762646
-0.0382445720687
-0.571650738303
-0.0313082720375
-0.293544005929
-0.590969743169
-0.0802445452471
-0.182729057726
-0.448162769599
-0.207598380494
-0.212346540912
-0.203799908077
-0.0245567788283
-0.103796528318
-0.315812670865
0.093491551124
-0.450149253775
-0.201974826395
0.387361200184
-0.0567414542035
0.177571418972
-0.209129247672
-0.11596028826
-0.292852541927
-0.340661021468
-0.60545758866
-0.603280765077
-0.349165996438
-0.31995328907
0.271284988265
-0.292425628671
-0.174181277439
-0.176369675787
-0.161808028522
-0.58127875913
-0.497656384475
-0.704477234535
-0.294882312266
0.158086351116
0.0823802685065
-0.147723793414
-0.0338243353222
-0.936623799077
-0.183991498924
-0.568193497231
0.141154178301
-0.209785236018
0.0876955740819
0.303911535578
0.129738703367
-0.980410219286
-0.426426468285
-0.204749830936
-0.0734713902373
-0.0405185073212
0.197176866537
0.365546584986
0.182663612613
-0.84718905084
-0.346100037005
-0.549383539463
0.168145249864
0.0608281327371
0.343513718941
-0.102156804367
0.0506051865058
-0.363361844843
-0.249787717633
-0.0529168826969
0.154570114914
0.120780965869
0.341372988031
-0.231701315737
0.0847234520522
0.0909356834985
0.194056255543
-0.13383182141
0.143753255472
0.295321204642
0.0061845222676
0.186921814843
0.165845983695
0.356455058007
0.029223349468
-0.312004513229
-0.010078154084
0.53849694843
0.291347770051
0.094131497721
0.127482762081
0.462414015192
0.418167106085
0.106057182759
0.0979011970437
0.304721627548
0.704400521581
0.35188816335
0.138426500762
0.287326860135
0.599095823487
0.113449598285
0.102138159249
0.016502711835
0.22979228891
0.211004817628
0.529657917005
0.923744167976
0.289365399561
0.732852581445
-0.131518896803
0.0631799195848
0.548439269777
0.136375877123
0.710375192142
0.054480465006
0.657563079792
0.30246981343
0.168751041499
0.0724847298479
0.0424999394061
0.554789018447
0.264638424988
0.00918189029396
0.615768421467
1.28181824211
0.324054333534
0.355331511962
-0.342931758835
0.00902947149067
0.714278184876
-0.430935500405
-0.376789844744
0.0951429154848
0.116237020746
0.166066814023
0.0287770153199
0.388899417278
0.309478711208
-0.551680538173
-0.0794176228384
-0.182745117219
0.394180473696
-0.0452822406764
0.0432918541726
-0.122095410803
0.272297048171
-0.267240345651
0.117548182647
-0.0117138752291
0.0879508730243
0.349762628569
-0.0574462410636
0.406937903596
0.0298388597266
-0.386700432253
0.226324274447
0.281812753994
0.276431452288
0.0630421480442
0.250176948331
-0.109957947958
0.260435406758
-0.361193324025
0.236561963985
0.0731822906685
0.308226477903
0.278732448765
0.11577068365
0.113328577557
0.347354137859
0.306898732133
0.265523621663
0.35269206337
-0.0363603967325
0.198605371855
-0.0432199337146
0.0607093292858
0.13701623521
0.464021959761
0.62790063817
0.455928667898
0.183520938516
0.0929153663579
0.173129256373
0.0810137959965
0.164409885059
0.965695210971
0.633806671367
0.510791833253
-0.0696248481791
0.0595462361203
0.219357302746
0.17368305062
-0.278794585405
1.1045417831
0.607165039862
0.571881956487
0.0558486839223
-0.150933115313
-0.0930967189488
-0.263952675282
-0.48368530223
0.794816866566
0.335112274636
0.182468953911
-0.255142591879
-0.337372305945
-0.471417335868
-0.356589389661
-0.235948564555
0.411495202078
0.295631364184
0.210199498706
-0.0289149316323
0.0543071704755
-0.275081064868
0.0706049188488
0.0780330589336
-0.227731191417
-0.0465554497025
0.0948498579209
0.191457798857
0.0757598974135
-0.0184766339802
-0.0640103069454
-0.160554810486
-0.289135924671
-0.0898870975466
0.0388560270972
-0.0997731042303
0.300510634641
0.174216987286
-0.0320865148723
-0.276927716821
-0.609138795099
-0.0691628901693
-0.00621988223462
0.212166806847
0.114937324022
0.23268693409
0.0967037453362
0.127540752205
-0.398656709911
0.00534767509867
0.471361813247
-0.00427202245081
-0.107854642605
0.399551639953
0.207604930662
-0.0254118883604
-0.331134400758
-0.415228568686
-0.281781598091
0.150286999349
0.202380878253
0.118211565748
0.360503924592
0.263464105177
-0.176052927204
-0.0210979671269
0.257527215755
0.631776760821
1.08341585066
0.894027678294
0.676821625483
0.72484759923
0.147394583926
0.151972504661
0.477594431241
0.139104437153
0.548486472664
0.569355610689
0.605941389534
0.893118339803
0.27190696343
0.0177168279227
0.357268081748
0.683634656914
0.556951702615
0.546472752774
0.845141494526
0.648553069975
-0.221015958703
0.0244191437739
0.0766955446082
0.363871287925
0.237484778097
0.178189796205
0.343392240661
0.29061889276
-0.552241398182
-0.312105647033
0.227152173411
0.209747062093
-0.235796124246
-0.257877631591
0.132555318037
-0.132204686622
0.0392993059848
0.141482157088
-0.138466066122
-0.498976629905
-0.214821113803
-0.896939912272
-0.354413013253
-0.117388165008
-0.327868156651
0.11492589381
0.0324481351021
-0.168182152529
-0.432210678799
-0.581857203923
-0.678090951703
0.115063180207
-0.179454707715
0.0666982280166
0.4255104059
0.408420727774
0.132827849838
0.187083693943
-0.213386586063
-0.0784696879368
0.591739928552
0.539331937102
0.464861394134
0.161980257981
0.0383603000579
-0.0422238687116
0.0249229824015
-0.456503464732
0.302591772543
0.471750537809
0.289018717565
0.119725165549
0.16102678444
0.0125480611142
-0.430183251799
-0.407167923866
-0.155785367569
0.283072841779
0.580622012746
0.204406023334
0.188109330584
0.0103938302045
0.34118780802
-0.858713537993
-0.088856859354
-0.125217299336
0.16697356174
0.13670982915
0.161577175796
-0.154440651898
-0.219134268657
-0.0729640426284
-0.752604693315
-0.14993521826
-0.307782044743
-0.0275856456229
-0.165275987385
-0.188493235324
0.107243535496
-0.0792609088061
-0.523878130069
-0.803805260039
-0.361734975594
-0.326034727552
0.0907488715011
-0.214745195998
-0.375003926198
0.142535475052
-0.466943400656
-0.386692924823
-0.379067435804
-0.180345319139
-0.170367085131
-0.00275548209879
-0.129622422155
-0.306772838858
-0.880068892869
-0.789378875071
-0.490902590046
-0.354433043951
-0.625128455472
-0.262427871243
0.146637528991
0.0978525282557
-0.378269158231
-0.161316238857
0.256539086543
0.380577452257
0.356961566627
0.324708208217
0.176565286692
0.0415554876616
0.144894828001
0.314947399706
0.267395638552
0.25079726336
0.219033225754
0.0836698548773
0.126063288408
0.630471214894
-0.0949509658835
0.335557504592
0.285361517573
0.214703044441
0.27581155937
0.430420205985
0.216795170372
0.0200344902874
0.748763754517
0.224294401393
0.528595893016
0.574042064298
0.0596461377837
0.0694341516036
0.0652473450878
0.0270920739428
0.226811032261
0.427980090099
0.447870626592
0.372848826621
0.570876712344
0.473361894701
-0.0276456527429
0.16239674512
-0.00451374418461
0.355480264619
0.203363436565
0.14411360388
0.361653666133
0.400141934975
0.433679270476
-0.0567315659601
-0.0765110723883
0.17138767018
-0.168284136853
0.0016065729139
0.284014657884
0.18228149777
0.490275357536
0.343559691902
-0.589012126254
-0.106845499918
-0.278967860549
-0.00818478332965
-0.15609466798
0.238667098458
0.300253129349
0.57673939643
-0.643835013838
-0.611949766982
0.274888835226
-0.645154086108
0.239230295914
0.277261778193
0.630437897469
0.335978062414
-0.449189629133
-0.603542307661
-0.251426934957
0.202785132683
-0.0636464357106
0.446233278703
0.0129758584403
0.292314604102
0.0996764295555
-0.581947224413
-0.398691716828
-0.505693493897
-0.101338200151
-0.178734220222
0.0973853624919
0.0332727160476
0.265717356926
-0.0559360461236
-0.302330496664
-0.153067969963
-0.45838510449
0.0190923409088
-0.0664631097037
0.160860658162
-0.023089926328
0.0114405222789
0.0654167128695
0.109062701701
-0.165056673297
-0.118922154963
-0.264320366686
0.233190461418
-0.00144709790057
-0.113671760651
-0.0644271741128
-0.0894775516227
0.192105941218
-0.0895407192826
-0.266170741861
0.108765162045
-0.0457515272656
0.301622163462
-0.0420799982235
0.235899940608
0.0483511379423
-0.184254242219
-0.088520675209
-0.0568702309462
-0.122261885799
-0.000768366387324
0.387381057149
0.312629440764
0.329494061676
0.0859898167346
0.118154734415
-0.374557539265
0.345939518815
0.441844018862
0.148856405459
0.107905045353
-0.175062058555
-0.499906335474
-0.379377117136
0.12577728966
0.379303987961
0.0314370391456
0.298834172075
-0.159367328175
-0.343634284727
0.193138716923
-0.455845216596
-0.419024580006
0.0705272149622
0.388770357874
-0.19139558056
0.0736286708932
-0.615979475263
-0.577853377804
-0.382268799745
-0.308969903465
0.361378363254
-0.451387382968
-0.229268824568
0.000802357807708
-0.265911665946
0.248628802291
-0.263015252569
0.176965180682
0.575177170266
-0.141465538121
-0.426110638706
-0.40949020528
-0.587444578693
-0.440512217017
-0.831264977801
-0.289687542893
-0.347739691679
0.043215309621
-0.253023236928
-0.148641572778
-0.185821032516
-0.31635011504
-0.250245404456
-0.213940003746
-0.162901223303
-0.364786361628
0.126729032046
0.0831088460566
-0.459303442761
-0.457295936475
-0.27034251847
-0.481322902205
0.33767387458
0.0183815682511
-0.185677841652
-0.0184867804837
0.404293786614
0.153878482919
-0.0437912064623
-0.504932885776
-0.258186712151
0.0111830070411
0.186013753157
0.0924958019586
-0.0748233476691
-0.10391991794
0.415870615101
-0.380751868783
-0.187361121477
0.211489144893
0.635967637043
-0.0322809553875
0.18587789309
-0.100041601188
-0.084197777297
0.167016813749
-0.228350700778
0.193989404815
0.598223135151
0.192243153241
0.240478376054
0.220463151339
0.551876442956
-0.0786544836675
-0.150697643446
0.70045606055
0.462932531858
0.44362652862
0.0340201615812
0.212848121945
0.0852764187849
0.528004703199
0.312014228619
0.547229265996
0.437279672737
0.158977859637
0.0560445008765
-0.159106694995
0.442984916442
0.510130730836
0.544498812844
0.538585787538
0.580689825482
0.0944993225008
-0.113584269268
-0.240649864394
0.222648095198
0.721870622932
0.46496587681
0.358539377042
0.425131346636
-0.391291242908
-0.546318275358
-0.0218690699975
0.333395629501
0.26984254079
0.224567091139
0.644167385511
0.00414034485683
-0.87237664757
-0.665545338997
0.406370722169
0.575290129137
0.53104708604
0.617778319627
0.932408648671
1.30808190611
0.628885667687
0.70867161384
0.60029127258
0.602064694339
0.411621518344
0.198176953186
-0.0262977177836
0.344820358806
0.398404912784
0.458926208991
0.113802535492
-0.0638845156945
-0.41483687219
0.255024069189
0.00525957944092
-0.193462656923
-0.297727514021
0.0309744818914
-0.565431165504
-0.876883814194
-0.610211715414
-0.818749840354
-0.407145404395
-0.928893307239
-0.85159455249
-0.406614562572
-0.152574915431
0.175925374734
0.0111459356319
-0.435234349731
-0.984048714487
-0.566572170559
-0.308446081321
-0.546021210642
-0.222334190883
-0.0169987469348
0.412648739876
-1.33806425377
-1.48105505926
-0.0396221327446
0.00555481499783
-0.0159764770484
-0.218548425556
-0.385367312653
-0.529823270912
-0.57530371489
-0.171126195933
-0.171590439457
-0.2510328595
-0.141529142023
-0.124845207868
-0.876739128475
-1.22988456024
-0.22360262125
-0.0620546390319
-0.197200371227
-0.0612604964953
0.0359796267261
-0.302533237431
-0.463524790093
-0.520280371942
-0.238955178802
-0.527427120944
0.0104467926323
-0.0540199311345
0.0528203079624
-0.259329124459
-0.22996761265
-0.3252047201
-0.750544691208
-0.335029999786
-0.0542180386152
0.0615313125272
0.080100497002
0.093491211902
-0.113217778462
-0.17139307654
-0.300655511397
-0.158968779583
0.256553313937
0.253549096086
0.285952006598
0.00819541495162
-0.565044209948
-0.0913165223506
0.0935407894888
0.229748966682
0.0254648163358
0.0581296798039
0.238984863127
-0.0750261991775
0.0557877776817
-0.0841909820689
-0.0871878908114
-0.220236744021
0.509080973621
0.346363875712
0.266356670233
0.0705347203203
0.0992514774134
0.25162610341
0.232817892906
0.258696439758
0.333792839933
0.153903378628
0.372626886575
0.222406938387
0.167444641943
0.363324476049
-0.0547801473732
0.0107862354666
0.0382878493429
0.1452610045
0.159475571538
0.0938333663582
0.294220466509
0.190192731032
0.238633906652
-0.109337798589
0.0363315585711
-0.0838143907682
0.232576999189
-0.124707855014
0.454761740603
0.838827574416
0.597644538037
0.324749340682
0.248490018717
0.427941874931
-0.0348838805729
-0.0303375858902
-0.154870541443
0.192173285631
0.293391038851
-0.150973362096
-0.221626765414
-0.561708358485
-0.155770814411
-0.113950730446
-0.281227617312
-0.290670237937
-0.593058192739
-0.626743328884
-0.252320167131
-0.635095648436
-0.165940941874
-0.613744127866
-0.353603218157
-0.218995462
-0.307848512248
-0.273072759424
-0.304334672215
-0.191336094669
-0.216460042955
0.182863198727
0.542269621506
-0.0427948223718
-0.443024047528
-0.204353360073
-0.246064119208
0.160045079974
0.120131646584
0.320601853151
-0.0842666723795
-0.150165076446
-0.171277884178
-0.136447892351
-0.285982414866
0.227706990552
-0.0235542263411
-0.187105101267
-0.237034485526
0.281723210526
-0.607930110999
-0.569421064839
-0.350985007657
0.332413803544
0.203619923079
0.109608143726
0.043428449134
-0.0732139875451
-0.621134783833
-0.501581916349
-0.533657764746
-0.209428529993
0.0657509029001
-0.0227804311152
0.0332231000147
-0.212533461111
-0.530717855935
-0.646887339634
-0.834509487919
-0.230793318424
0.00175267650765
0.241700948958
-0.199425857686
0.258475165135
-0.671315613151
-0.496450623693
-0.670011509069
0.00049850497591
0.0112216479917
0.0865363348134
0.248285665821
0.151453649346
0.00695451103736
-0.172521372016
-0.36552494837
-0.556008862554
-0.0974179854588
0.0712359964115
-0.0980411481034
0.0727499735671
0.330696801007
-0.161785116489
-0.412820050603
-0.496739055247
-0.197265094414
0.344368547199
-0.0464067094295
0.287253988197
-0.0408797792083
0.0660210790958
-0.0158793635012
-0.483569570351
-0.259913111284
-0.162260286233
0.0264130148631
-0.164636596419
0.288112835977
0.150689108648
0.202627249416
-0.114730287761
-0.0519417425703
-0.0307885606691
-0.0311480277476
-0.0467400957449
0.0318425880637
0.464550831894
0.502358817147
0.596046915883
0.43874234189
0.114860758499
0.383551473066
0.296684583374
-0.0644285953738
0.293921367806
0.726010965681
0.715191839657
0.754291809374
0.390300506786
0.118136284505
0.0302127294859
0.17282381734
0.274926487832
0.28697769849
0.117442716133
-0.314178197069
-0.821610947869
-0.586759747848
-0.990222233464
0.137241287502
-0.1386340262
-0.173501843414
-0.116091677006
0.0703102780969
-0.707003295994
-0.530442389378
-0.24423455523
0.500258407755
0.081967713623
-0.0891441582205
-0.113918673695
-0.766078374062
-0.614430754276
-0.092249524875
-0.683371784334
0.197630306827
-0.123287902607
0.034592515377
-0.551446673238
0.0459847370743
0.122806460042
-0.30661101804
-0.541117257217
0.468128066281
-0.0685634152408
-0.558580545579
-0.301431989741
0.167006313934
-0.280570812687
-0.237199358222
-0.724852463553
-0.14163534339
-0.0398544168688
-0.0315916630184
-0.0823185887865
-0.144294177795
0.124085774648
-0.224033268591
0.0118361462855
0.0888596883462
0.108285221998
0.272591140687
0.125272987068
0.222496146366
0.100590761989
0.0573725073677
-0.384366665543
-0.0953988155573
0.131913090981
0.342599367668
-0.112087401447
-0.223331290077
0.0518376723531
-0.0973088119676
-0.601356345268
-0.030561852633
0.277558013839
0.776072942632
0.00316225042398
0.0747815284118
0.164899786183
-0.412553096751
-0.592036102471
0.0329539130792
0.661000037384
0.480729452441
0.115378921238
0.13399690114
-0.224103053128
0.00485003388841
-0.545442784106
0.505413448212
0.194722164732
0.555597196513
0.218689022368
0.277813739612
0.0143165467175
-0.192275064139
-0.17720612552
-0.339383841259
0.586508734566
0.505986208421
0.229564784156
0.308663892262
0.152924510311
-0.115036015514
-0.288333191642
0.83168703204
0.12541214702
0.441569638961
0.0825269009925
0.1173848617
-0.181013467612
0.202947512597
0.233890036218
0.0023211684966
0.706994018351
0.25316986279
-0.0403457970674
0.348224630315
0.137076802388
-0.0486768909943
0.28048875466
1.1955748405
0.0632608345913
0.143136367917
-0.129817553451
-0.320051839904
0.0207217948521
0.301147916719
0.137636146897
0.401825275607
0.875911355224
-0.0603972112221
-0.337610693983
-0.28228591216
-0.221864208538
-0.157905740743
0.272282611346
0.551665744208
0.0764059962766
0.613724306546
0.0758312461732
0.0974364204715
-0.0236644161023
-0.240767141366
-0.0742285988984
-0.133571677417
0.121649822583
0.124427165563
0.439210972364
0.502042557856
0.153985919458
-0.061960139356
-0.00954973141502
0.101119564501
-0.131168953468
0.277423373626
0.59009559748
0.683915146175
-0.276904611846
-0.404190410815
-0.552604286626
0.0590545156028
-0.150704827632
0.470564163232
0.279857260644
-0.189447952278
0.0597676801792
0.303115750618
-0.0917041845981
-0.218927459335
-0.0411935905874
0.0138627234393
0.0276977724535
0.0788586676711
-0.0408742811811
-0.177833956686
-0.642446396071
-0.075267173413
-0.210548861149
0.098929248024
0.122184838896
0.245467912496
0.0422832401417
-0.283188227406
-0.727880383126
-1.02843940336
-0.206314258412
-0.220940661745
-0.0336899817076
0.12067823334
-0.262079721599
-0.393118853512
-0.189219620479
-0.324823560682
-0.306542341041
-0.125211286262
-0.0704668208361
0.186474640233
-0.706808393617
-0.273043600777
-0.00192576130814
-0.465977822054
-0.27872295418
-0.185520154227
0.140747310018
0.0397414065175
-1.04309841299
0.169724823139
0.0446178930305
-0.133376172748
-0.747798425281
-0.294151143963
0.0146987824339
-0.188100490609
-0.335632819912
-0.353773244855
0.411720535186
-0.260286350132
-0.637033428268
-0.30885811733
0.0728775732935
-0.017526014826
-0.433210985045
-0.0935900616233
-0.205344676135
0.310937360271
-0.0901567118415
0.116794713442
0.121463343109
-0.0271574047318
-0.237978066663
0.0146300751476
-0.0830721461916
0.230620023839
0.0859053729813
0.171556055924
0.179521545856
0.321428834605
0.161014451855
0.0307021284274
-0.401834052408
0.167926931818
-0.110776054872
0.0753825672671
-0.162034103109
0.241952232595
-0.133288476931
0.206655735669
0.0846252264622
0.515844993895
-0.24629851097
0.317377018238
0.100733745635
-0.147886102778
0.136303646723
0.0970824835697
0.269796207096
0.1008835365
0.110819566533
0.191860032119
-0.172480301412
0.287390308423
0.16816051481
0.462895810957
0.717304462382
-0.198151548558
-0.220623599724
-0.109941089209
-0.226748111146
-0.361526333624
-0.268963298538
-0.32892411935
-0.205099744918
-0.184667951685
-0.325496973266
-0.189087795971
-0.157546721863
-0.352680559075
-0.521944188832
-0.378008425299
-0.288811693385
-0.294835707332
-0.0105830021203
-0.163156918525
-0.579722169464
-0.363814523179
-0.270448533439
-0.231405276336
-0.115828740958
-0.21904740383
-0.29740308912
-0.321002695071
-0.295952246919
-0.369271742498
-0.167989634234
0.202408546217
-0.146345629856
0.00288625969851
0.0474052160952
-0.0350106215543
-0.121028178746
-0.492930153054
0.285898418599
0.163443108159
-0.13359311767
0.08205654735
0.136386380621
0.201207590525
-0.164886587759
0.094726651715
0.104278992968
0.446080932078
0.0115610647157
0.741392344738
0.255219232978
0.592525388419
-0.0594644543919
0.235981756943
0.466582756028
0.411558269078
0.209804753491
0.154900492012
0.521033067187
0.710096038514
0.288767204787
0.27622219717
0.303757169461
0.402534983826
0.355393948091
0.327258079084
0.395530394438
-0.0139844303648
0.42381384501
0.616125410175
-0.00622436701074
0.0577436447543
0.561643974709
0.641227922914
-0.0517690994715
-0.835244574934
0.162603351793
0.219835052357
-0.15134288007
-0.225630962289
0.51066656551
0.0783399769526
-0.12093166267
-0.889448776622
-0.0721720948321
-0.119546606944
-0.395091535708
0.0333813295607
0.32590013012
0.381319589609
-0.436445371739
-1.31798708323
0.219622321634
-0.0704468227674
-0.38804739762
-0.1573168596
0.412764695805
0.0566954246727
-0.0942038713435
-1.34485663741
0.201831077271
-0.0298664369891
-0.301060534895
0.47815495765
0.219900637261
0.378947367078
0.202020135279
-1.55588499676
0.412515471665
-0.45681119985
-0.287710622828
0.00675283452378
0.0419650007217
-0.0904135079393
-0.225694860883
-0.493389259645
-0.890867520808
-0.475925110593
-0.429292298085
-0.226191114422
-0.756205249616
0.007958150953
-0.264772395232
-0.243149617804
-0.899225505848
-0.417250681782
-0.191408792617
-0.392020370048
-0.664256231748
0.226465825227
0.101770119273
-0.343980895737
0.0759021443261
-0.381897219854
0.296631823751
-0.577284339353
-0.464404164433
-0.102503866283
0.139458011404
-0.0797869351633
-0.0703808304938
0.14141452928
-0.153171465822
0.103090890204
0.19230144186
0.407042145252
-0.226487777226
0.137209535284
0.0552086392553
0.152731321203
0.24840753999
-0.0570666924074
0.110527431704
-0.0228064247572
0.232250908597
0.163089424968
-0.108262676581
0.172618261932
-0.166950804515
-0.223706980479
-0.0197072427875
0.295949799841
0.0893539294729
0.246810304916
-0.0665653219907
0.169725709979
0.0573062502435
0.0853893483545
0.0241552218864
0.644776340793
0.269533814348
0.0980323019251
-0.0496897217944
0.0464450179728
0.328117392424
0.0601882801196
0.0894310442634
0.516692387691
0.363176086187
0.325307834649
-0.181938983497
-0.150647881795
0.0459866101029
0.107359928961
0.351427757068
0.501887730874
0.68592960736
0.210590303371
0.161064434443
-0.661694957081
-0.0398593520283
0.454995501278
0.753983369505
0.352666214786
0.815482450221
0.495959194769
0.121915609506
-0.581300097997
-0.107844528957
0.38932296047
0.371215058601
0.380841373218
0.466362773227
0.187378206363
0.100615686684
-0.376085267603
-0.018778547352
0.358413206748
0.169333846079
0.287943554532
0.268982713563
-0.0786869739817
-0.0413624081856
-0.414918801801
-0.228937476137
-0.0869728622201
0.473253221178
0.218292537141
0.117921483756
-0.552792744732
-0.265129612368
-0.618630327395
-0.131160866177
-0.342931091582
0.326628292847
0.314227885521
-0.176312569921
-0.595173884831
-0.0387765650973
-0.0877981259456
-0.352925800387
-0.107569041967
0.00468343772085
0.0580997205201
-0.105533090668
-1.11827539088
0.0667572667025
0.0242187053521
-0.495807023415
-0.178874561032
0.173395594382
-0.143652377817
-0.0168502940386
-0.968434623849
0.178753105451
-0.0812471674799
-0.127313306811
-0.62331865568
0.0390973792863
0.707877066816
0.0356262924822
-0.54615190981
-0.146178910071
-0.327191726513
-0.0798326171195
-0.313690066158
-0.603558108809
-0.0498690006347
-0.0807553176463
-0.324400113207
0.331865389589
0.0721069021309
-0.12342883488
-0.274599376418
-0.153400292113
-0.647768128302
-0.142405336838
0.377639193697
0.0848445321138
0.112051829572
-0.0633116972964
0.164761470772
-0.437859022111
0.0350595156621
-0.234606265847
0.0206611818601
0.383779792073
-0.142608766869
0.31867911912
-0.109255421824
-0.22045165244
-0.106711685175
0.405522561676
0.149691834446
0.166168387156
0.387816965131
-0.0576143452818
0.0791293939303
-0.264393593912
0.122233423325
0.293036055686
0.55066597457
0.233146520452
0.133183156914
0.278040829506
-0.002471302971
0.175947766403
-0.0517132313697
0.145889874113
0.404801580402
0.263621469778
0.408068528205
0.330836947725
0.341169396551
0.387217227126
-0.109582381208
0.070590235081
0.17253262481
-0.0169782744783
-0.307183411632
0.104395119717
0.226337569801
0.726780329512
0.557068049885
-0.107763313831
-0.569132612165
-0.704266679345
-0.335628778405
-0.171120188695
0.22369195648
0.851735079203
0.687063392329
0.00847687617018
-0.706704314682
-0.740161850203
-0.610414394291
-0.503412440031
0.0271706850722
1.28427712176
0.828642544632
0.114054111887
-0.519365085861
-0.52968411764
-0.531983847339
-0.133600961839
-0.216189307531
0.159224741571
0.333204144002
0.222072487773
-0.0938820098529
0.30324619296
-0.216259023999
-0.036364543403
-0.173879550238
-0.255503148601
-0.0479393586516
-0.21553882916
0.045716648683
0.547227550121
-0.0200528034036
-0.0602673472339
-0.229933607351
-0.38955448277
0.011474888627
-0.195675313283
-0.0176464611482
0.406195395629
0.367758674014
0.165320757483
-0.288886146374
-0.775909322011
-0.274964743377
0.11872756833
0.0982073923916
0.380079590077
0.257412700664
0.35734188106
0.300742151654
-0.388114542408
-0.0954241548237
0.163823185818
0.364536721642
0.32444343646
0.12932603293
0.131034135219
0.000209151494029
0.168334747303
-0.0996468144958
0.590075505462
0.525678062456
0.482445935051
0.325459077609
0.123512601825
0.131460976902
0.36251628882
0.107468826096
0.261814503728
0.574099981704
0.92604171183
1.0101219077
1.0290647362
0.407316707405
-0.165611011618
0.361956199455
0.398342750217
0.514943531241
0.33799712713
0.406840624311
0.192174976194
0.33890118392
0.244377461323
0.463960591271
0.113240569218
0.25385700337
0.588482797653
0.106405963697
0.62652952027
0.757051105007
0.61901629316
0.464752004073
0.514624809123
0.285848487518
0.421697601555
0.358758972676
0.0941913277053
0.103295730778
0.303757911939
0.174960899971
0.0849150959634
0.315194355955
-0.189225414918
-0.233097207296
0.26970165465
0.431763512595
0.2798983714
-0.143939896733
0.249132578723
0.257012698253
-0.00199929616087
0.100934544709
0.0916053737108
0.185665833392
0.489772544654
0.0109002201456
0.0501657290867
0.54707340422
0.0954640107573
0.0355111579305
0.184506023221
-0.0298102633583
0.0607132481261
-0.0858711890331
0.301557445309
0.543622742882
0.0490927854932
0.131696502323
0.164642410562
0.132399436484
0.00901022355294
0.0298454972541
0.141771784199
0.340567462652
-0.0170379996024
-0.148008784506
-0.0276764140171
-0.0898900238577
-0.142894681001
-0.133855187399
0.244041365417
0.158015968467
-0.110063401293
-0.0580256224413
0.0981142957958
-0.12905604897
-0.391556272738
-0.0232064662714
0.0451015429337
0.0806176442912
-0.215531059212
-0.11830050891
-0.234561767339
-0.326877526563
-0.0100111591906
-0.317095382517
-0.0789813030834
0.024078936454
-0.11509792632
0.00715460661483
-0.175552428333
-0.112769559982
-0.347603739401
-0.169271477479
-0.086756924969
-0.139464265089
-0.0888054737759
-0.269856219702
-0.001804274085
-0.0253408528203
-1.04454989435
-0.269987290927
-0.212825094236
0.0290076267185
-0.493861553428
0.0833778494296
-0.445675385964
-0.0998034197107
-0.640832875048
0.0188377333411
-0.384923654989
-0.0632033341694
0.0526976986538
-0.254421733372
0.0860923524487
-0.607315315495
-0.231031562807
-0.028215080577
-0.569143471826
-0.445873339254
-0.344598502957
-0.163016031803
-0.328433430241
-0.765760047697
-0.749815941209
-0.0411172894277
-0.300883772188
0.558272423831
0.359201803197
0.337245958604
0.284179410325
0.261579734196
0.158618720884
-0.0692627200819
0.180955937042
0.361652433352
0.194387645021
0.559491346572
0.0967504000257
0.597905398786
0.201950342952
0.187034913439
0.316802732839
0.278678661608
0.59577670356
0.332061118705
0.32480367271
0.345212059941
-0.0348259617497
0.481572278563
0.453968023305
0.418377563299
0.29015757315
0.164687419621
0.268211762414
-0.0624065921152
-0.0212730168427
-0.0969653698049
0.536914430066
0.531672733291
0.144893185353
0.370599429279
-0.0118712016985
-0.248966401457
-0.341425686071
0.504284799564
0.221357429966
0.155037356527
0.281217733312
0.351196199181
0.0138412298908
0.063362785162
-0.268109978031
0.0570468541475
0.107627819877
-0.0740665398971
0.208529536078
0.117902277176
0.173365823947
-0.00146506899852
-0.121912143063
-0.626544589225
-0.242159798582
-0.0700926033069
-0.00966007265556
0.226081843392
-0.355928381306
-0.252947079887
0.482505737475
-0.36821031813
-0.0838978194344
-0.186820958639
-0.133706808136
-0.139066587455
-0.0115422493221
0.40234474924
-0.0136715941973
-0.647491437638
-0.449518463843
-0.21958124777
0.170303296783
-0.424247866111
0.273298449723
0.114752257708
0.14844504865
-0.22527506571
-0.304919460955
-0.234416889727
-0.410687441324
0.0175026626746
0.0300670473057
0.0888652763254
-0.0445980809391
-0.31087476773
-0.246523505351
0.0664520327291
-0.169189324304
-0.0900271202889
-0.0552879366297
0.214612205899
-0.57967602445
0.190129756045
-0.130939592914
0.00607007938885
-0.311645497623
-0.0878227757304
-0.11079848609
-0.764240846082
0.646926017072
-0.448562672801
-0.383408748155
-0.196061295636
-0.0218461996337
-0.343688410528
0.0733524881083
-0.103574049832
-0.0180461169593
-0.171486990605
-0.466748817506
0.00223612644815
0.112908518756
0.156729043233
-0.409101185855
0.0272521132862
0.186130932794
0.0278139392723
-0.191854331886
-0.210631525988
0.0710432113144
-0.189934653179
-0.106523715302
-0.266251575363
0.14745356695
0.161451103296
0.00508002357279
-0.0765412838077
0.209189002199
0.511558786983
0.236663751455
0.512103083703
0.394865939605
-0.217566573568
-0.238959147372
-0.298849919659
-0.154856286456
0.162476997359
0.265503891925
-0.0095462576844
0.0158899133648
0.457445171711
0.131725539893
-0.335596462511
0.200250979721
0.245085271735
0.135618543421
0.410779289898
0.0873806376323
-0.188317072478
0.317693832277
0.298014907929
-0.021937415458
0.212191000801
0.0675895720501
-0.238189597505
-0.214987145555
0.47016720646
0.101976470198
0.374908487674
-0.17408509513
0.300085248943
0.190468925452
-0.00301864084872
0.157772371564
0.501938109508
0.400454505145
0.443171096299
-0.249976312633
-0.0190780138861
0.104045807471
0.0345171805704
-0.103750708093
0.782328058049
0.279837605583
0.391730539846
-0.300213412338
-0.396095853976
-0.444627193063
-0.529524026003
0.384952791828
0.599627274672
0.807487437132
0.208787524635
0.0234795445598
-0.459395240425
-0.462198522208
-0.523253134613
-0.307298274769
0.528119903641
0.745300196524
0.681454845076
-0.212586322101
-0.108219947951
-0.578857354122
-0.625611208275
-0.717675752642
0.210973096301
0.621652755325
0.507684053329
0.0743896885561
-0.124417630868
-0.31840170466
-0.471230151339
-0.789708682557
0.49412302542
0.250008319854
0.407316042205
0.00230665165514
0.010827441428
0.0569373815892
-0.778812116785
-1.52901527209
0.191641661396
0.216474971189
0.067014215003
-0.291416822205
-0.0708126824249
-0.0835897663722
-0.23927547912
-1.58897387448
0.274467733713
-0.164994386083
-0.17166152513
-0.0545039766476
-0.0345486390784
0.114221691977
-0.423129643535
-1.12298381143
-0.436147717373
-0.208806304656
-0.11832761992
-0.156476152144
0.107288428761
-0.085880706558
-0.24870078904
-1.18966701246
-0.0457691001792
-0.114358399872
-0.157590953207
0.0865301164335
0.0952274015072
0.172448659297
0.00859900191405
-1.04256741541
0.060965485172
-0.240943840763
-0.442714883859
-0.0970844291631
0.0278940564338
0.0916639063583
-0.455546805125
-0.957001287822
-0.472612553929
-0.48447765869
-0.0431133969219
0.105799817077
0.151034502328
0.284040358969
0.0739414169897
0.143021755583
0.0535164040964
0.0378431457025
-0.038746980701
0.229706766645
-0.0447300407027
-0.0329472316057
0.088765144332
0.238175706476
-0.293400352019
0.0770178312828
0.112512409955
0.505016373132
0.373045819697
0.129125817495
-0.0589181772996
0.425203318457
0.574513925953
0.355105264281
0.41446806376
0.118576941192
0.028775033444
-0.104311032737
0.125544972995
0.162083679476
0.124494873754
0.429253961796
0.57218524106
0.190141072327
0.22748482967
-0.0912014157358
-0.187706899136
-0.0775925688836
0.209732619386
0.688385037256
0.306769920138
-0.0571265169903
-0.206503328044
-0.276718099445
-0.530809459846
-0.54115454965
0.713411306436
0.394301767797
0.280165724996
-0.257124852379
-0.00890634805846
-0.355885995819
-0.198645322151
-0.455630879482
0.198664940848
-0.064499969964
0.0914995478234
0.462893327846
-0.330268093549
0.312264690733
0.0998558188738
-0.261619415884
-0.821654579325
-0.309851696819
0.0357598089702
0.0431192845996
0.440937358217
0.185128210701
0.39893236012
0.375687433232
-1.42453624126
-0.633775899685
-0.70602511335
-0.284299561029
-0.115756963046
0.0299946760511
0.305949292886
0.626027900264
-1.66000009209
-1.2471427365
-1.07798615916
-0.664419087055
-0.157795203723
0.628754532051
0.583628552932
0.6824834745
0.62208056021
-0.264227299013
-0.123358743107
-0.0590518880761
0.185305284553
0.0947524159298
0.142040390388
0.934676799415
0.141572630169
0.360593075449
0.261148740829
-0.248149993205
0.0324567878039
-0.122108738175
-0.0452683674185
-0.108522045938
0.247048298819
0.159716637948
0.202767826364
0.166976446459
-0.583777960177
0.229817704041
-0.711208435356
-0.335659738968
-0.135520918664
0.417354576852
0.267004597686
0.241350388065
0.290175748308
-0.136362468606
-0.1289520853
-0.129911302865
0.87999409486
0.266703850927
0.233152952047
0.544516649408
0.0925190996771
-0.0917872090094
0.0220453159075
-0.308527294429
0.174536717428
-0.0544930025413
-0.308564063496
-0.364896075756
-0.189091605239
0.408249012382
-0.117552605869
0.854946333327
-0.142482347862
-0.088912424538
-0.0310706442008
0.290583823895
0.450852029763
-0.0478403939997
0.37419714962
0.100030229938
-0.154657474472
-0.185464862188
0.363955708349
0.361912786929
0.342215818981
0.409382879375
0.160850466431
-0.242126601785
-0.511650379496
-0.0471548553362
0.0800237519474
0.205072856704
0.245768191617
-0.0345026192062
0.0114392196833
-0.230417984891
-0.256928839121
0.0697120306543
0.32773795411
0.557305711036
-0.0578541395232
0.250668018323
0.359169657625
0.0266717265675
-0.0661355618906
-0.174986894535
0.168403084515
0.169223796921
0.480158668735
0.152850505932
0.169317737764
-0.273177807527
-0.272070508705
0.23848766573
0.10444607202
0.131414548853
0.141888215893
0.260867329823
0.27091680186
0.344283047737
0.0730937274688
-0.301057974681
0.202305657865
0.160467355125
0.0595391075892
0.145401666659
0.0115783897275
0.373603509843
-0.0173758753491
0.256820603812
0.262546166209
0.000870030913014
0.160176239406
0.200827753471
0.123824082576
0.211150714669
-0.405977338976
0.0604956942913
0.453972948663
-0.0522657414177
0.070818844177
0.219787219803
-0.128389801828
-0.331631586326
-0.581113417134
-0.306423386377
-0.288062466473
0.0631280109945
0.127708458991
-0.0777290407461
-0.171702331976
-0.281837794993
-0.79218038777
-0.362328738516
-0.112730557901
0.142816545528
0.0727996519074
-0.264268927935
0.00816593368824
-0.215907681019
-0.636872893233
-0.281538415598
-0.0924453454964
-0.0397182141404
0.00241375627344
0.138962274555
-0.204686880199
0.31943146826
-0.810185637174
-0.62380230527
-0.0123488849033
0.0906528671165
0.176061428108
0.184982033608
-0.188507757261
0.310711526741
-0.591141056347
-0.236225257301
-0.32871995389
-0.0139270277586
0.122758223126
-0.12529386559
0.20121772792
0.208354848258
-0.155049108349
-0.957798141798
-0.550059155163
0.0818162070871
-0.253614604907
0.448879558206
0.296226529045
0.640728868957
-0.169974495808
-0.101662227514
-0.648407958233
-0.818722335609
-0.956194945721
-0.366043963576
0.439228520019
0.101232555273
-0.529107617799
-0.316721854586
-0.654296368839
-0.54414016786
-0.913895216975
-0.134867209879
0.0199567846156
-0.200245101131
-0.326448328344
0.124801025136
-0.794934734469
-0.985093945604
-0.513224286198
-0.174955235234
-0.115430705577
0.787702493808
-0.0945337690432
-0.438941908828
-0.822457587089
-0.442521612904
-0.00825190253907
-0.331835531059
-0.186041642923
-0.139595973192
0.249893701422
-0.347706920192
-1.03651946207
-0.349833485914
-0.219349259442
-0.100448637697
-0.277566290761
0.600006372709
0.431094640977
-0.463143217973
-1.01645369761
-0.0595500978563
-0.332682279574
0.0485129331269
0.364114008062
1.0263954314
0.931105471249
0.020676789042
-1.52806529382
-0.0175393278428
0.0921967082428
0.189193203268
0.258893649991
0.264303440715
0.544880105183
0.331342461993
-1.01200941394
-0.35647738922
-0.0761729356583
0.231340025096
0.100236344974
-0.0079774088046
1.18391575816
0.307414788634
-0.942169286584
0.26145181572
-0.114627564268
0.470037067326
0.134402255803
0.0110326046831
0.826304694548
0.206597676639
-0.209684754661
-0.229203211997
0.130056276167
0.527380977606
0.511593697391
0.168224794311
0.278333777888
0.262056989675
0.233301449294
0.322867307922
-0.151077374751
0.158804942294
0.269425685414
0.257171824574
0.0142598260228
-0.227934391492
0.107582267357
-0.075454041231
0.332817899539
0.160244571758
0.029353331321
0.234016941219
-0.210182842924
0.0185899230019
0.126614574544
0.0765432019528
0.0263741769051
0.315427796983
0.0391038102069
0.268394535483
-0.219558885483
0.0927195129889
0.246541085317
0.0386087516446
0.134904844281
0.0788796644399
0.419043159893
-0.056370405081
-0.342528719244
0.0894574844329
-0.0158200122513
-0.191877900017
0.539061768923
0.0245311904078
0.0704520249774
0.0252145700396
-0.293654312276
-0.155632711947
0.146700113208
0.481210761624
-0.0418017041907
0.325663928875
-0.346216101568
0.633898056321
-0.214592551671
-0.0673690890826
-0.814717753586
-0.599981708305
-0.926913445589
-0.0523492878349
0.646101522784
0.758260333074
0.31657059269
0.0374436728245
-0.852864246407
-0.485490648378
-1.18388237776
0.0216062541669
0.189222216646
0.658141423102
-0.0299167321419
0.292528455299
-0.176372697693
-1.05488263911
-0.534262944098
-0.399721859422
0.601255786103
1.16422245449
-0.0949760926745
-0.179622395684
-0.41529407453
-0.534194316661
-0.366785243415
0.233301788854
0.00944662764218
0.543099513836
0.403212987703
0.224349847495
-0.613880368899
-0.4912457023
-0.116396071822
-0.275309620385
0.260903422684
0.731502370622
0.863186733508
-0.174580215527
-0.541360682924
0.0184821103462
-0.439428433839
0.0608233318706
0.355447311337
0.826351759026
0.928776465457
0.2407511995
-0.445027358193
-0.465352742784
-0.388709708565
-0.476742107531
0.395799457421
0.33972669489
0.245015563567
-0.082074408593
0.0185792505176
-0.27530656569
-0.292250975745
-0.130951843414
-0.259915830753
-0.164877099662
0.0476840715924
-0.463451083615
0.0545388212361
-0.366109717988
-0.197450557759
-0.150854058051
-0.319891057328
-0.206829207459
-0.0326972124307
0.0703399200844
0.0115700508257
-0.0449497011982
0.296350177714
0.0551678761002
-0.191108938221
-0.737162995178
-0.282930958698
-0.0963908724743
0.249871672915
0.194897987889
0.0861522122837
0.198023093092
0.000508366141243
-0.364756758541
-0.71390692825
0.0077070585977
0.273110806733
0.194308620768
0.332398736097
0.131899379421
-0.230522282336
-0.248488239469
-0.232932764142
-0.287657497786
0.206335502245
-0.108848614452
0.0811514278376
-0.0297965398005
-0.00197444021653
-0.441334553303
-0.140649520358
-0.183762072825
0.18278060323
-0.0923251525977
0.0390669112397
0.191348094905
0.215848992546
-0.238999231765
-0.464505069688
-0.414944011969
-0.123215707115
-0.159532892532
0.265383181865
0.0761389427288
0.0749093844269
0.316506182873
-0.601482091475
-0.355774075828
-0.248827313871
-0.143590865683
0.0212557384753
-0.173341208184
0.30438125236
-0.029703197512
-0.143594027283
-0.153337515958
-0.168443496523
-0.281382845415
-0.436568692632
-0.253889251384
-0.180495901386
-0.289726317559
-0.163073221222
-0.183888457929
-0.162290182564
-0.235473483016
-0.450156885714
-0.353586147937
-0.457008671847
-0.461540711444
-0.4119210869
-0.339304886954
-0.24806141437
-0.40550123483
-0.882031096543
-0.205511782499
-0.25901761466
-0.0340545421868
-0.37761276728
-0.693882319451
-0.315623488516
-0.374682787373
-0.276498538186
-0.506506233944
-0.15202200304
-0.138316080183
-0.294255394344
-0.977953666189
-0.467378151662
-0.392666004263
-0.915834274227
-0.67229053705
-0.202957606955
0.469253304545
-0.0516507256882
-0.720053174716
-0.991005315243
-0.310211210963
-0.709406148651
-0.928862837332
0.109643105916
0.956684361082
0.33495684169
-0.835533042962
-0.460964561207
-0.0485062961446
-0.176315599733
-0.844350447443
-0.0956999419809
1.18238216669
0.678780760866
-0.275047098282
0.0109120819105
0.567236624327
0.229146292574
-0.793399690159
-0.274026260824
0.846539587374
0.400448303791
0.278805998523
0.402131808985
0.585868063829
0.38701602258
0.226475967871
-0.422059534911
0.0259828890728
0.633711983174
0.035732232448
0.699024273716
0.747766750927
0.166281446445
0.216392470033
0.0364635306446
-0.632739811426
-0.221415541732
0.324748559722
0.335997802937
0.743843622506
-0.0980861365444
0.131861641072
0.0821449234305
-0.149103667496
-0.03262085633
0.138677396465
-0.0114246142784
-0.248055207717
-0.121022305426
-0.0190430732243
0.375399707759
-0.201618847213
-0.322869361418
0.11627951483
0.192521117539
-0.127277491666
-0.241270920206
0.214938540542
0.276743440003
0.30116734359
0.0909784104504
0.19689139486
-0.344599621122
-0.245312692811
-0.240887576465
-0.375410838397
0.198519347373
0.0349269824356
0.0796403216618
-0.246725800147
-0.395223284417
0.0896109711288
-0.0165409918333
-0.211415266983
0.0748079047507
0.0401531312698
-0.169064108567
-0.24176252798
-0.174064775579
-0.623691491723
-0.40752913655
-0.255929456817
-0.292933944835
-0.0246287161247
-0.205191799848
-0.134972503342
-0.516919688536
-0.389547459342
-0.093013342287
-0.174269313509
0.0316603326304
0.0800427029174
0.266265365151
-0.424192169742
-0.20495270599
-0.180011766816
0.0974242012313
-0.198729191473
0.130170488568
-0.19469048717
0.331227948535
-0.258305858441
-0.0944163812416
-0.307503522328
0.0302858520271
0.446149161408
-0.0273861544705
0.437730099111
0.425580662143
0.199972386102
0.150396666797
-0.203012126465
-0.414623189923
0.141402220349
0.269993532268
-0.208474781482
0.25042611476
0.315792072172
-0.131536494209
-0.0336175022376
0.0221655615863
-0.0166486508846
0.490757295388
-0.291837520727
0.135605043301
0.30184521372
0.248573876279
-0.0445698157377
0.376586882614
0.0199670115044
-0.286173621679
-0.622155710652
-0.272335027484
0.228884435774
0.314173601722
0.200999282165
0.265825835822
0.278457867596
0.0347385744155
-0.900229390174
-0.981188474905
-0.127156995974
0.768052805171
0.178831478652
0.228019808575
0.0745545770069
-0.406279981083
-0.200595691253
-1.4328862636
-0.204922941669
0.291580686813
0.634711430947
0.18279126466
0.240692444935
-0.175038260609
-0.190550805995
-0.582488058351
-0.105787093836
0.191175144646
0.170346857779
0.270856334939
0.28826702505
0.343488755359
0.134283984923
0.371674362408
0.094718977573
-0.194564095594
-0.173843464287
-0.116314373306
0.0642705443797
0.0247601844955
0.538153876135
0.356265865984
0.0282417886313
-0.131195831402
-0.648100508039
-0.436343646276
0.116999266469
0.306448543655
0.164791562864
0.376287971788
-0.0262140837896
-0.155090742632
-0.298951063394
-0.0853070827145
-0.356331613273
0.188860913768
0.138408104389
-0.0434241265787
-0.101807545588
-0.404408369103
0.0767249034449
-0.192118809899
-0.168900994983
-0.0810465161867
-0.092257605264
-0.148167956634
-0.0654791643867
-0.356099352628
-0.00165897223834
-0.185644886898
0.0218126867773
-0.493498769149
0.446572086253
0.100827341962
-0.154040498285
-0.246427291834
-0.101277160785
0.0594452001735
-0.256257072766
-0.552617428737
-0.903816807614
0.39388577706
0.0859125824444
-0.139194690564
-0.24051770204
-0.560943698415
-0.0772260495549
0.575697776341
0.225575431494
0.603982166041
0.604711578682
0.346504707325
-0.0114634634717
0.0261702968996
0.0806650083397
0.301746261147
0.581605374932
0.26977933971
0.309444866701
0.350184802208
-0.0986563836516
0.0155165329245
0.458340476723
0.317189442823
0.376558859961
0.721067616369
0.112050733399
0.111245791777
0.727836880242
0.474692880796
0.155508105946
-0.0248591902524
0.526101559978
0.362357734445
0.288263484833
0.329429777145
0.321809176563
0.379014989939
0.613678113891
0.433648720833
-0.0136204791305
0.350931004242
0.214878894387
0.579408928145
0.00943570588724
0.240747332297
0.433321560421
0.305330072093
-0.107676763229
-0.0719287161306
-0.0256034729928
-0.107306644121
0.0583052699876
0.500661780319
0.52874407883
0.589298044195
0.215203870432
-1.08455280821
-0.296929146327
-0.0590057759857
0.250011240342
0.257748095668
0.110408343662
0.301830361559
0.186589127663
-1.46884059436
-0.695639563389
-0.361089809285
-0.39484511834
-0.131201244581
0.562536912861
-0.0510001520491
0.285002722909
-0.733101254378
-1.07535744663
0.077178146874
-0.0390182907316
0.0562887967709
-0.337135247619
0.212025611318
0.310890152195
0.15283162977
0.00568730215291
0.0479364235049
-0.503249032153
-0.259014879063
0.0560068384472
0.0822528172147
0.130567453927
-0.0948493469733
-0.289935745615
0.177300860175
-0.274473818237
-0.00412572310187
-0.290484098054
-0.0283395257041
-0.0630733206997
0.145463798752
0.0753489113279
-0.3353993502
0.0497290623257
-0.181178912195
-0.17423912954
-0.117221467799
-0.107116687973
0.314038393687
-0.089632271789
0.260221077407
-0.0982503752403
-0.023703663586
0.0559390835389
-0.317477852398
-0.417677186757
0.138554241241
-0.081696563195
-0.275688972344
-0.0823726271706
0.187399227596
-0.012211713726
0.160932231996
-0.0738276523353
0.048622790757
0.0421733094844
0.334545760313
0.357206644408
0.230485804055
-0.156270789167
0.279872983958
-0.172912250238
-0.133375509492
-0.0318451780557
-0.354730425081
-0.217624245679
-0.0855666424027
-0.702998240528
-1.15795369755
-0.675494678918
0.578187959415
0.0886034688575
-0.0312477412045
-0.276110021502
-0.0321607552175
0.404320335763
-0.0416964613908
-0.24204778702
-0.325868935996
0.0762774939343
0.272769549444
0.0727708983697
0.26198810885
0.207404933512
0.00843907374377
-0.325323798336
0.0794171046375
0.140705421979
-0.141279731063
-0.017860990471
0.30859068726
-0.276036167796
0.0532585536347
-0.214906887678
0.288512861711
0.191574206875
0.35601115061
0.135459770951
-0.0708817186158
0.0382574592864
-0.0015222863244
-0.286493745287
-0.0841263244017
0.103698957225
-0.118003167957
0.0434653311427
0.0398401214698
0.25221752888
0.0931093778397
-0.0891179510618
-0.330281259553
-0.245133298779
-0.257532051392
0.302994415396
0.511363741344
0.654756191256
0.0890766434118
-0.200451927819
-0.283008206558
-0.231818320158
0.233054988641
0.298389613025
0.277892730472
0.427273708555
0.050971967657
-0.162181210703
-0.582558113193
-0.0665217698843
0.406591105978
0.111407051261
0.182511420951
-0.024591016262
-0.261712942415
-0.0481433569206
-0.781024596475
-0.128180054541
0.12521919191
-0.0115469573671
-0.0041991001823
-0.276930609838
0.122167974059
0.226737205503
-0.232370990674
0.384969099619
0.108354352494
0.482736026449
0.100600375101
0.0152484533678
0.0137969538755
0.338150508729
-0.190701617667
0.110726040989
0.280287833942
0.102335010488
0.0408913984522
-0.28911111821
0.448224386849
0.191149795705
0.139980505269
-0.11404547434
-0.0783288350372
-0.214112567462
0.0235975392669
0.361436995172
0.0344016839712
0.573118441101
-0.221156683517
-0.0301433196653
0.17208742098
-0.0861572301555
-0.115964561754
0.112334543504
0.450391926341
-0.0965863074776
0.206482506128
-0.000407093852024
-0.0758361444184
-0.278629248546
-0.11533829482
-0.00517928207152
-0.227241033522
0.0521549268226
-0.180432216873
-0.0784525596909
-0.204687047284
-0.0362901181135
-0.051099382825
0.0376137857122
-0.324907271049
0.140102867184
-2.66756881031
-1.84180331832
1.37684704672
-1.83236422381
-1.51549407768
-1.53486387932
-2.3249928821
0.766151347183
2.34876128006
-0.389323480347
0.58687837364
1.78035354208
0.499145957558
-0.783871237736
-0.719523202967
0.215549209845
-0.705394892284
1.82578248383
-1.80454014709
0.779463169239
-0.493010887212
-0.925827151079
0.832013691806
-1.06089958668
-1.89912498652
0.562687180411
2.82640576667
1.84721743512
-0.698023886268
-0.791345580307
-1.60473990148
-0.426753496067
-0.937812808633
-0.603379039066
-0.213224180641
-0.0605599152703
-0.682958009663
-0.232155985636
1.83832412867
-1.14437406299
1.23541641838
-0.620471818841
-0.110668188537
2.37751261428
-0.678999706951
-0.498205056034
-1.06801040414
-0.184758326326
-0.321059803816
-0.296755246865
-0.672622544418
-0.520743595272
2.05235888043
-0.918461375908
1.77209992722
-0.810267310623
1.38154237126
-0.675668896361
-1.29736302828
-0.665000242863
4.31973890686
-0.162002671287
-0.670829389059
3.22669121196
-0.999219558449
1.9566911162
-1.43860289274
-1.09150924234
-0.218176827061
-0.961946254784
-0.758238244551
-0.721409804058
-1.10909629521
-0.279927008742
-0.408021554102
-0.347383604511
-0.672495128794
-0.620578643189
1.41927097809
-0.640580369114
-0.70114253263
1.49623497289
2.10062148782
-0.617443442952
-1.05299620677
-0.494243604522
3.28685698218
-0.100764315548
-0.469240806816
-0.353479830164
-0.765668635961
2.36068125791
-1.13233244272
-0.628961446836
-0.168644429993
-0.578067907209
-0.657627510883
-0.625319214097
-0.790022044543
-0.206682191537
-0.255022385398
-0.381904488604
-0.875780769236
-0.632739182523
-2.66785739746
-1.96837804291
0.192645503622
-0.32116801026
-1.63790901507
0.51196833411
-1.05248967043
0.0601870365614
1.08774020884
2.01384738417
0.997479647289
2.85793263662
0.014828071695
0.127592774829
-2.67124820608
-0.200711844773
-0.789594665653
-0.0596471680088
-0.449865680956
1.51616015274
-0.831083510441
2.60975640959
-1.36830125136
-1.25729158485
-2.0563935717
0.185598635496
1.60336876079
-0.548186571213
-0.517647678334
-0.573577236186
-1.34237419949
2.60270668912
-1.18939359605
-0.549705554633
4.04591049119
-0.0548559037766
-0.450976095406
-0.267093709037
1.6390793566
-0.874085955018
-1.03748100791
-0.699898475992
-0.151447857632
-0.608696249703
1.71215780175
2.2442506459
1.99282530571
-0.1799819407
-0.282339417465
-0.348081167604
-0.905714553178
-0.454827364157
-1.11508240385
-0.591656760413
-0.643063951234
1.44784861818
-1.55303303115
-0.564408755574
1.18705541504
-0.674159612407
2.66257700257
-0.114089763611
-0.460754368279
-0.427672450696
-0.636384584618
3.68735219556
1.41389300807
-0.680560527359
-0.194037318417
-0.548520791319
-1.06403571936
-0.656517191385
1.93923202996
-0.247575908301
-0.309437227597
-0.328641277105
-0.929330742068
-0.793206111485
-1.30178839842
-0.780209860034
2.01552902434
-0.738461717926
-1.55871822995
-0.566563618032
1.05102272037
-0.548105305776
-0.303107099112
-0.0657307983354
-0.598859011522
-0.283963442403
-0.824830660886
-1.16308091058
-1.20826334173
2.67772754459
-0.160807900762
-0.931873825353
2.01222141349
2.00541256343
-0.89654386889
-0.33076716317
-0.280480751479
-0.353945408309
-1.0619403502
-0.612609278871
-1.21265462435
1.60034604061
1.73658562185
2.04684052859
-1.60595143965
2.94905346926
0.960050202983
2.05956528968
3.01892104609
-0.0761153892227
2.88939628505
4.76719582122
0.879137397508
2.57265095271
1.02015508196
-0.913983882956
-0.267845872904
3.52849581943
-0.779148142203
3.94595505509
1.90958094434
3.07731158451
-0.444303342403
3.02019792359
-1.04903911826
2.78856730953
-0.274842544526
-0.234375366662
-0.14039384603
-0.244622198277
1.95521727293
-0.159392143535
-0.287874750272
-0.0918423883107
-0.0465252255895
-0.00818232568309
-0.10362658474
-0.0368841804841
-0.214469391998
-0.361074474364
2.77149818208
-0.22169137906
-0.0189328591301
-0.101499995507
-0.128297341292
-0.153922803557
-0.169580103604
-0.0299197551116
-0.0585272726403
-0.0966183459174
-0.152217264013
-0.124048733892
1.06803536262
-0.894078086278
2.12657902196
-0.850944734252
0.439389169918
-0.51000323988
-1.26342259284
-0.496716823177
-0.370920744232
-0.0699674794421
-0.727441227362
-0.320086067857
-0.915610964298
-1.26189097966
1.05322725819
-1.0179395895
-0.19118198531
1.89243738367
-0.853598056379
-0.696158891725
-0.978569251345
-0.381140702211
-0.410043191161
-0.414398459452
-0.897519115933
-0.648957170836
3.46078731409
3.25833942891
2.51047304624
-0.791231246645
0.534089192387
-0.569333872255
0.962951522898
-0.476008659397
4.21610410809
-0.129452628566
-0.610166510488
3.92126012251
-0.595991469528
-0.891542991321
1.71150575094
1.79197937822
-0.190108351867
-0.609374453614
2.06842063903
-0.631209587831
3.23738395646
-0.195076227385
2.81173617258
-0.356337527536
2.0476542202
2.40848184311
-1.58577788679
-0.796775618971
-1.0063657517
-0.804244302307
0.337080459804
-0.665121323296
-1.56439858338
-0.885162580654
-0.520307606539
-0.0784972368929
-0.85988074831
-0.602188367529
0.828302273373
-1.57565435534
1.57241886318
-1.1362836326
-0.305747232656
1.84003978293
-0.936627622745
-0.887167115394
0.963500607683
-0.417488153158
-0.856814570852
-0.534626431543
0.935755066325
-0.783110828908
0.942741454703
-1.51757356631
-1.72032911784
-1.79458333014
0.304321377898
-1.31961039529
-2.10829156161
-1.50286160325
3.95114967307
-0.41653972298
0.445493191904
1.39161683839
-1.86848272414
-0.0779462747849
1.2626991831
-2.13042439856
-0.607219316075
0.432644166828
-1.64347006827
-1.45950263386
1.23830075444
-0.742958735841
-1.16690486207
-1.08778431919
-1.73973497572
-1.45211159795
-2.16469594114
0.565260809133
1.53747345177
0.441857497647
-1.09969623808
1.45173143105
-0.421879116167
0.58256473518
2.50878888019
-0.275567968111
-1.35278044195
2.32508072466
-1.83274206664
0.401706813533
-0.521096247331
0.4048184328
-0.756429067614
1.93380707156
-1.66477981565
-1.31948254751
-1.87532470858
-0.821670589313
1.38273032881
-0.843827285376
-1.82173157543
-1.11524961513
0.720680828867
-0.809544757895
-0.778656980865
-1.08785142385
-1.98685559608
-0.882813281212
-1.42352877962
-0.765618504346
-0.567482732359
-0.10670890487
-0.72145194163
-0.443586672467
2.65077062927
-1.57483200663
0.450484071591
0.867663021643
-0.326132911999
-1.05295579438
-1.15870603968
-0.744238852299
-1.09554941297
-0.331390784946
-0.478875749994
2.45706884475
-1.34938479713
-0.838222489251
-0.718972046894
-0.429099634049
-0.428939780313
-0.605471215881
0.739652767583
-0.387815007531
-0.90673665772
-0.334241531989
-0.165245089472
-0.0247666016925
-0.312662356607
-0.192110552113
-0.444144619167
1.92923356491
-0.632649678038
-0.460223704497
-0.125955277125
-0.467545275292
2.35949397011
-0.571779603165
-0.526217274398
-0.140692207768
-0.205838979122
-0.198177932758
-0.804539018912
-0.424326607799
1.71944623179
1.54740786101
-0.980538110688
-1.19652828451
1.49132904456
-0.829644642474
0.623009555407
-0.702658854432
-0.502278168366
-0.150406502524
-0.82747180052
-0.460507076561
-1.2816247703
-1.48656452798
2.01469629277
2.07265398885
-0.36327349863
1.45639455372
-1.23536332451
1.58913121604
1.57913871125
-0.361081913431
-0.486644220763
-0.503429028315
-1.07779187105
-0.767459778785
-0.933825600373
-0.524372381406
-0.508828841329
-0.525113428483
2.01247392441
-0.385824108342
-0.800100512286
-0.446685439335
4.48128289457
-0.0767581789803
-0.52384868479
-0.308287549983
-0.605849801222
2.90566869206
-0.962091754234
-0.492070755923
-0.138669546423
-0.595789061305
2.26992372282
-0.463389584321
2.99463301064
-0.164670823055
-0.280972301842
-0.287255084084
-0.532544763075
-0.418049489453
3.2550935055
-0.660417888207
3.16564164969
-0.670132886904
1.50968455352
-0.473274572305
-1.09043064832
2.50931057661
3.67308829331
-0.0697961424614
-0.461858104608
-0.28412730618
-0.62780838787
3.21934518891
-0.929332549668
-0.768464160079
-0.120783904685
2.17984448891
2.61288166403
1.84842795877
-0.712041300413
-0.188859961444
-0.301350104077
-0.312383726149
-0.716641879783
-0.561511474461
-2.12058596173
0.728619167015
-1.49628403353
0.255576350584
-2.6187993261
1.14324433341
-2.43999446737
-1.08458854979
-0.827719904473
2.95202360394
-1.06923603356
-0.711227053257
-1.52609237674
0.387675361419
0.941020747278
-1.40809415117
3.69402673068
-1.30403451686
-1.62743604001
-1.30935958901
-1.82061423767
1.87533452964
-0.974366337517
-0.803716482109
-1.43832451164
-1.00045958642
-0.873378115177
-0.420109336126
-0.477996948839
-0.57110259053
1.0761028823
-0.25835642785
-0.858861276133
-0.314035565496
3.42091276774
-0.0657150846072
-0.312535565519
-0.148478690775
-0.521100484572
1.71744632903
1.77558156678
-0.477488946714
-0.149173454148
-0.387461780696
-0.560349731126
-0.411142964412
1.61944189055
4.16525059521
-0.230594930826
-0.278526212748
-0.412326623598
-0.302364047083
-1.01060838392
-0.479298382705
-0.464295573747
-0.414206582561
-1.40877608095
-0.321653115654
-1.01230116119
-0.314707852467
-0.170874750966
-0.0285259501868
-0.343050088896
-0.157570823783
-0.718215010246
1.60429091386
2.13205402745
-0.500012420234
-0.111824607308
-0.537506980577
-0.481381049227
-0.413540516414
-0.834867117792
-0.116571134407
-0.280624420056
-0.198674349962
-0.436104651512
-0.309106274768
2.64993748204
-0.250011546682
-0.394232950037
-0.335483914521
2.43995396917
-0.191114005238
-0.583350626005
-0.169527131793
-0.115557827605
-0.0135587358661
-0.214746289963
-0.0979561749618
-0.281456542316
-0.471290242934
-0.453906533119
-0.346209382531
-0.0499469922032
-0.263836539436
-0.3514443711
-0.249371262505
-0.310208832575
-0.0709549198794
-0.0984461007136
-0.156569896964
-0.356808603439
-0.297039094652
-0.991471483635
-0.449283505931
-0.556440050841
-0.7510987573
-1.51975830384
-0.561261100588
-0.982674498961
2.65387043152
-0.283857847632
-0.0425919310166
-0.364147964129
5.5176635359
-0.558785643941
-1.29337348494
-0.881924944693
-0.467969487129
-0.133754365256
-0.41772437412
-0.827734962276
2.63980789833
-0.66102610999
-0.283558274279
-0.203142985932
-0.301108201556
-0.98323781856
-0.719609332252
-0.907070347765
-0.5142785921
-0.436555845622
-0.477131033644
-1.12214471618
-0.294380052974
-0.773288249994
-0.36251092279
5.27767298878
-0.0338148390875
-0.371880904613
-0.262487276493
-0.645862695628
-0.7819037737
-0.824095082235
-0.470219224679
-0.090607859705
-0.42239229453
-0.541010730203
-0.389417461735
2.86085121061
-0.133270638403
-0.301940743965
-0.286508394065
-0.599181952809
3.98886257255
