-0.151078367008
-0.0203435238417
-0.106832000008
-0.219932241248
0.0509482573613
-0.133357955187
0.0849306467373
-0.158571405303
-0.0920395577114
0.0472174947775
0.322168935213
0.246822110783
0.10784039364
0.179096608072
0.0457505592208
-0.55328968818
-0.180374793191
-0.0222595168054
-0.0428975242076
0.0776958632756
0.298532477643
-0.0625628205919
-0.115194848292
-0.0533301010246
-0.20567674392
0.222344454499
0.155329824665
0.179900049169
-0.130297778725
0.0382353686082
0.00308614237277
-0.350709083221
-0.332136982229
0.253267283779
0.0953156767649
0.185182998856
0.163499856747
-0.0578825607891
-0.135776680569
-0.181244740714
-0.0844522155466
0.079418921121
0.298401655535
0.200273289961
0.0994136302414
-0.0889320367652
0.04681873553
-0.100938705539
-0.102475004354
-0.0894903259095
0.253142979778
0.0398637550293
0.0838120644313
0.244431380646
0.0868955329796
0.530971020762
0.0767458042471
-0.296029158919
-0.203198839836
0.199490985966
0.264218644746
0.3567531798
0.313654404127
0.486000237691
0.456608187669
-0.224920504718
-0.0587461028262
0.303695801905
0.325585595504
0.543035787101
0.470474905675
0.130173897855
0.687559311699
0.220090034684
0.153108625702
0.178290885173
0.389483163354
0.553383963812
0.41401473615
0.240565101883
0.69197844751
0.064534579106
-0.0355546256931
-0.252847505466
0.2122107728
-0.0086350558195
0.383725917682
0.46998221041
0.0182237319033
-0.0283127804349
0.121001938039
-0.364234860054
-0.210139803806
0.0160764487417
0.498339391449
0.307904880109
-0.0523164730511
-0.414008696578
0.419443477017
-0.463598357947
-0.00977719158178
0.0139596904097
0.419955777452
0.177366460852
0.151740270798
-0.20756787827
0.314053799426
-0.635951823506
-0.151539348478
-0.107158975051
0.314008204297
0.32308303663
-0.122620214311
-0.192559955658
-0.0155210228704
-0.257906034292
-0.00168605608938
-0.244989605368
-0.238464259603
0.00529592350625
0.0227736508427
-0.300775457459
-0.503222434312
-0.133562129144
0.155132480181
-0.101120862175
-0.434921045478
0.345861065142
0.187012163796
0.429531955721
-0.521350447063
-0.354577660136
-0.989080049002
-0.717856296836
-0.597850968767
-0.223331758646
0.164752148714
-0.0829165929698
0.0087001587831
-0.0753932749791
-0.291238361958
-0.403368077728
-0.42008302707
-0.0460452572148
-0.0078612130243
-0.176947054468
-0.398760311415
-0.308652211624
-0.430229507985
-0.635630675505
-1.18493259663
0.52061622041
0.176005022475
-0.331494998345
0.31510249945
-0.39514300771
0.0381689311
-0.169112574263
-0.0568812642703
-0.0661009787072
0.0070476989699
-0.0542613844335
-0.347589040162
-0.121366027103
-0.135182932409
-0.397348683206
-0.385679619577
-0.351331035085
-0.156883994001
-0.369981230457
-0.355011873426
-0.32020664821
-0.272075235533
0.0463078889719
-0.408293502763
-0.88063617158
-0.468354147275
-0.067955235121
0.31123258976
-0.0939349925055
0.155431941384
-0.282336093686
-0.264708807375
-0.629177632708
0.124872798406
0.187869494349
0.138505690906
-0.0968073214718
-0.125361671837
0.136511671252
-0.438813602419
-0.440157626692
-0.15186585467
-0.0922462865
0.463720291971
0.0955211375714
0.0989242373799
0.115014605744
0.0883648098496
-0.160440151727
-0.0996566426332
0.323222468909
0.285035743412
0.43989961534
0.155716339372
-0.0468938277255
0.205512025103
0.258463277736
-0.0855236252926
0.416294461316
0.426354200107
0.0471467246832
-0.259858162061
0.00507964965419
0.344104769828
0.365271037385
-0.0513907101887
0.227570987511
0.245048456639
0.427345824432
0.296184756609
-0.0970646055112
0.599356171095
0.512239163978
-0.369836551984
0.338675502688
0.0597689698196
0.425390284125
0.0155582592597
-0.0353686973104
0.704863192382
0.4098479227
0.401975248201
0.721608820023
0.0880154415262
0.315068521106
0.173101521676
0.0838522455088
0.393254130523
0.565179798449
0.336530064092
0.651519264028
-0.0907703627736
0.24407033452
0.283736984366
0.109074978958
0.160500982969
-0.065931811755
0.661638430581
1.27487891517
0.0364307703945
0.684204178082
0.285154987352
0.392992542052
-0.196346203272
-0.0251686574596
-0.236689269842
-0.281333882319
-0.389888918651
0.252931935326
0.128377138152
0.11725608084
0.236711634005
-0.176897634375
-0.241863121762
0.0976445535046
-0.00100503924875
0.138828056512
-0.06166604878
0.238864992237
-0.04651060906
-0.266764028177
-0.408188850532
-0.437089032764
0.175434139972
0.450288395984
0.13458115225
0.102887485765
0.045740237402
-0.0632127142846
0.0835079712884
0.312775503997
-0.281233568658
0.130076095988
-0.0307877817744
-0.201712859835
-0.165449295768
-0.217797399211
0.270671971622
0.300455636592
-0.0130900308214
0.389621613774
0.0142880312733
0.134787260681
-0.150098500971
0.357619910815
0.162691230765
0.782883309206
0.183651776792
0.349986685608
-0.0535410782881
-0.0418135432927
-0.234034218896
0.222460495574
0.321949510372
0.0110749031758
0.150387691083
-0.276705683112
-0.0996026671578
-0.369466725463
-0.314101020361
0.0330275735681
-0.0222453763268
-0.172176627026
-0.757372375805
-0.65693429602
-0.282444327793
-0.15999881575
-0.198479336693
-0.302837647004
0.500325188011
-1.11090533453
-1.02998810743
-0.443412566222
-0.862225833666
0.165997996448
-0.590763830901
0.286744821508
0.19450153302
0.0954524745796
-0.150606376281
-0.689699268256
-0.591217658849
-0.513232066658
-0.159864055903
0.222087831764
1.42380412325
-0.0846306845352
0.609727966817
-0.0933162506256
-0.155319156955
-0.164974282442
-0.357998551578
0.484128691966
0.164483079243
-0.123374244149
0.663293230565
-0.182124198097
0.0694524800809
-0.274425084959
-0.332085003371
0.0321240911104
-0.0293797495277
0.0411479740672
0.710205913745
0.0838436996748
-0.081313640812
0.129852845597
-0.804388125634
-0.0684613187316
-0.108206530795
0.262350512251
0.434380936713
-0.502873565243
0.328245482471
0.150659961954
-0.256664775602
-0.0517815851426
-0.0596424602948
0.369063493007
-0.0278172946077
0.11679227493
-0.0576662263001
0.298125974793
0.021564169543
-0.462909582242
-0.16802925376
-0.293277676926
0.0815499242999
0.209652614235
0.388807830421
0.137494317266
0.459398848071
0.126398102186
-0.336980896359
0.232167061743
-0.357866538416
-0.207361664654
-0.342039642147
-0.19733367594
-0.357859252416
-0.624823576998
-0.0805687704361
-0.392836597864
0.0165822399385
-0.456845169145
0.0814984174894
-0.517857257575
-0.292633768406
0.00035970495684
0.011384854636
0.166657318086
-0.249943005636
-0.217715143916
-0.0265519254838
0.0131884589394
-0.560888657239
-0.359588545172
-0.684972189694
-0.0681366010224
0.0764827691161
0.122378903669
-0.332330480931
-0.193287059644
0.324368960547
-0.695515927069
-0.856498607167
-0.605478026771
-0.368069909787
0.157266818923
0.0922832520886
-0.177518157418
-0.0659895066595
-0.157371987219
-0.577487887312
-0.689257258637
-0.0730951104905
-0.119089304401
-0.0518599329451
0.0641106010017
0.261188019276
-0.150235811312
-0.786961095925
-0.462843881032
-0.122656402763
-0.139625735719
0.0224628951671
0.163550530888
0.158631592815
-0.166965303031
-0.748379393904
-0.583269299961
0.0128211101503
-0.0241676626624
0.254361942002
0.0101255116276
-0.127605864941
-0.128486677854
-0.223839993937
-0.372028418063
0.303398633789
0.177389241873
0.342463246278
0.0621533028171
-0.207707129531
0.129103746469
0.310877124026
0.221732640204
-0.314290253507
0.419032101272
0.246664342784
0.189229568474
0.183886821363
0.234160631506
-0.0664526316912
0.051405617784
-0.261829154965
0.131529266172
0.607702640167
0.099682427751
0.336643437914
-0.0912125058317
0.523373324568
0.171198609498
0.183864362488
0.0960186341631
0.486633277142
0.616266206421
0.362956522006
-0.178506708414
0.456100835611
0.329280188951
-0.0386718495146
0.172079249523
0.0416654965657
0.0336581842004
0.50515017849
0.485835861736
0.709397874307
0.463168415512
0.260249928803
-0.0508977317036
0.0563927318431
0.535392105081
0.459397914278
0.441128605266
0.424790518844
0.679660488503
0.348274476632
-0.00219263238977
-0.184086039069
0.216641632355
0.435264677946
0.40835210645
0.257674998997
0.994284534026
0.7787841074
0.389455322732
-0.0668795784919
-0.0572235978601
0.432662853728
0.0789068729128
-0.235753165744
0.0076677674584
-0.170265665661
0.293367768745
0.0749608732749
0.283291040133
0.411655991761
-0.367963242963
-0.166532464411
0.0372688657337
0.238477741132
0.0227991157263
0.182188598801
-0.10417579531
0.210711389784
0.0521935975811
-0.0662985377614
-0.150169477885
0.263216387231
0.103840321687
0.256662893013
0.219430203607
0.289265540335
-0.29985834431
-0.0647999063127
0.292833751266
0.250292726464
0.115073375775
0.0119242918102
0.239016339651
-0.172138825182
-0.0248989160757
-0.0438070687677
0.289731961161
0.132496560187
0.308213820016
0.186182689861
0.0927086829031
0.0149806529749
0.217795773333
0.429632057275
0.237106376974
0.175328481953
0.246029591057
0.134792095995
0.10734148767
0.149587784559
0.377749159338
0.415687373407
0.710188968389
0.0687515377227
0.292769597843
0.214774958043
0.271871090693
0.0837902349648
0.702529427462
0.741328753043
0.564698267369
0.226046419058
0.0826760370441
0.15129135484
0.249392224208
0.112751485296
0.318150573961
0.773357838983
0.686793410409
0.0851098103007
0.0910644489656
0.0379673401383
-0.0304623549342
-0.368164950442
-0.0464762061506
0.321090583351
0.159777841393
0.103512890137
-0.133332484298
-0.460659372494
-0.2947426206
-0.102361010953
-0.151235018706
0.840554716456
0.0245339763083
0.132122907625
-0.147543603274
-0.167344010862
0.144936506128
0.0366475404746
0.137965670708
-0.21806277126
-0.067868953374
0.26533070799
0.0285005987901
-0.0707624656436
0.0647328032914
-0.187179394739
0.096973502702
-0.188701300663
-0.173789372069
0.386665797266
-0.0492251459753
0.12446293981
0.166752291803
-0.214987243728
-0.217805574735
-0.301229133684
0.00168245757889
0.32650194136
-0.3561954758
0.242251959654
0.213309926526
0.0524731934906
-0.174421811356
-0.467036287694
0.346544004973
0.0199066421612
0.0673539595003
0.0912669950114
0.216677625896
0.130081708653
-0.421014305874
-0.247790648849
-0.457415664627
-0.410851259122
0.373884620994
0.1598587921
0.148257272782
0.325126912374
0.0874207702153
-0.193898570706
0.353506254546
0.596232159125
0.666923590871
0.948684064867
0.569370870299
0.938654123842
0.13133384421
-0.0345961395656
0.306241756427
0.357308046023
0.435160205839
0.466184009324
0.573717426255
0.641026967635
0.759189672741
0.169867096768
0.20499185656
0.512520232343
0.751007673297
0.528385497242
0.762393052102
0.663807241207
-0.0187783200017
-0.203832797967
0.342389319858
-0.197314358973
0.271559655028
0.0829469415999
0.131833351464
0.440829152264
-0.0416933251641
-0.408633335973
0.150110127921
0.155713516643
0.0149981449365
-0.221170779554
-0.319742169998
0.150609338275
0.085485433693
0.0261646472776
-0.0949608915921
-0.408933172174
-0.306925284736
-0.239114306275
-0.571223369156
-0.575747177276
-0.535927841914
-0.0671335936356
0.0102013602698
-0.0953802812929
-0.103246016902
-0.329949103585
-0.395649050388
0.241744740004
-0.477200397586
-0.030839987891
0.266536706691
0.0281748905938
0.361766009022
0.0794035744802
0.14642152778
-0.226661387646
0.273252368866
0.33352660709
0.640443765506
0.320086515424
0.0486931431864
0.111311392255
-0.217410658134
-0.2452502296
0.326690834055
0.139001229956
0.527440684338
0.155198819042
0.104875558092
0.174347852014
0.126239172897
-0.567257462698
-0.363578500495
0.242750653058
0.31514454115
0.367776332068
0.385587656735
0.0816754520839
0.351799655098
-0.591752499248
-0.239069794481
0.00721238707693
0.189759352739
0.0356881477639
0.363028597644
-0.188529463957
-0.19660479864
0.0110207595468
-0.474028566545
-0.365473717598
-0.257159698932
-0.151069625498
-0.141985175576
-0.0719125469007
0.230159433148
-0.200560825966
-0.651225395614
-0.404213676959
-0.499111161661
-0.48252256597
0.080746499825
0.233896486807
-0.382484480736
-0.07248481751
-0.934814059483
-0.123889156221
-0.628833726674
-0.234988386273
-0.212044263326
-0.105956697104
0.0291258594783
-0.26316506179
-0.49032484283
-0.749393476804
-0.659268179577
-0.059294310992
-0.509706762946
-0.222878042872
-0.13750116835
0.0497520079383
-0.53133830371
-0.266205495474
0.0217640024324
0.470130123653
0.092147339723
0.540484416049
0.215282822575
0.0101952174807
0.0324696974035
0.383483806774
0.0117389917408
0.282723497538
0.159962200311
0.152148985023
0.107925203599
0.344568675736
0.235855592967
0.0961492373355
0.249443127829
0.427420387709
-0.00134693690805
0.50412440464
0.317941234228
0.0839967202414
0.493873751335
0.293571704092
0.513031397967
0.313055178544
0.490116248619
0.0389944108128
0.144627113999
0.109203986382
0.127882486661
0.271616345663
0.528379340227
0.346266580705
0.518625879972
0.660939880315
0.215998123416
0.0945181678266
0.00720022768799
0.0895743942761
0.174375698959
0.315014160914
0.332423611773
0.429432389129
0.0647467458956
0.430806305917
-0.190990986454
0.0150601372283
0.286548356784
-0.130474417058
0.250525393017
0.0341652784854
0.437143870046
0.235025775482
0.297615806102
-0.18083666413
-0.404640690427
-0.0545540738528
-0.063383273908
0.165555648424
0.103578715857
0.693524782868
-0.121390541694
-0.634703896444
-0.157012007475
-0.0205660568829
-0.140826047645
0.0696941348054
0.63493384406
0.24290288299
-0.0757587105945
0.127309121064
-0.320160497808
-0.267547075949
0.067948549579
-0.156922249063
0.0789388364663
0.0957127557502
0.261246895616
-0.953012587167
-0.380195472693
-0.76518532398
-0.186362970569
-0.0706645616494
-0.0263692272808
0.119478682578
-0.0540911535948
-0.126443865138
0.0574491266212
-0.430666082792
-0.280973517509
-0.180113420198
-0.18361602053
0.131235705539
-0.0559784489375
-0.0115567148469
0.0958190964732
-0.0697673116356
-0.0745731183927
-0.218606890449
-0.066486807326
-0.130977637589
0.266744171634
-0.117450767945
-0.0965270673334
-0.336836492064
0.328237153618
0.292932227982
-0.48044890225
-0.0490705675264
0.330489900039
-0.319021225943
-0.0515872442113
0.524682619694
-0.0206265555858
-0.0644817820547
0.0830234023565
0.0468027194199
-0.370785466144
0.112076813062
0.317231379141
0.237758216114
0.516764697761
0.213056147335
0.225962194824
0.118355393063
-0.25621899093
0.219534276774
0.286809523853
-0.00530245052602
0.148895538425
-0.749386166412
-0.0885144754515
-0.290529885428
0.081786557461
0.233448794181
0.0716830364773
0.130285805491
-0.123916696918
-0.214573475059
0.227328585153
-0.535613701252
0.00379485357565
0.10076722946
0.00720164928086
-0.342660139006
-0.000130770484897
-1.06517370798
-0.54315211357
-0.69038577787
0.370790179145
0.0791899743669
-0.352724402233
-0.276329176055
-0.0418512801045
-0.468055346583
0.239163560562
-0.214156603861
0.206328948726
0.12006707735
-0.394966212742
-0.332022347472
-0.647159501465
-0.322277784107
-0.591342871491
-0.733894148351
-0.836032596249
-0.15351468281
-0.247203969397
-0.0726792505454
-0.415544411002
-0.234651740473
-0.229773749165
-0.43614632529
-0.294906876942
-0.590323027613
-0.284373338197
0.393590485428
-0.205811176379
-0.28859367606
-0.638331900529
-0.308261091536
-0.647664534552
0.503051701645
0.0251444053704
0.0450826439415
-0.081891395684
0.310313697191
-0.0248637846318
-0.272665080785
-0.266662612212
-0.274313022402
0.0246006139995
0.348950456575
0.108949383183
0.190985616218
-0.162765554784
0.181640374694
-0.117747935039
0.0395337149635
0.475244816053
0.399525270249
0.137754719032
0.141495931463
0.0059446881156
0.0453581542654
-0.266069179299
-0.228466253875
0.53547938643
0.431915843837
0.335030431342
0.149923469542
0.146883792625
0.348288433094
-0.0206367886815
0.193248832149
0.569911897309
0.461676328232
0.295929591677
0.187177026948
0.150250432701
0.595245725061
0.4363117218
0.546138201007
0.658352308241
0.0578292410255
0.243654750927
-0.0229738265875
0.106273970074
0.45944222404
0.802842594779
0.0841472069019
0.815844138292
0.305139812
0.240839012993
-0.306576668684
0.0585480683437
0.748480060389
0.612429978863
0.433919137918
0.518896301239
-0.162849827368
-0.116410402733
-0.232811242733
0.196006359914
0.339381705243
0.405610882117
0.17743809897
0.222482712732
-0.15051901087
-0.453847606579
-0.397857020583
0.493823956587
0.338272676802
0.953193339788
1.06893036604
0.871071113912
0.9537286127
0.684340050163
0.600802415463
0.56709235035
0.280724678563
0.527079167488
-0.0582978015156
0.283631361476
0.307672269987
0.295709508628
0.296180013595
-0.0629389535233
-0.0520394474816
0.21409329619
-0.00808809978297
0.176558163987
-0.59046639172
-0.122198430381
-0.629131351023
-0.718663931741
-0.631452189755
-0.585352271124
-0.505211955438
-1.08222946853
-0.549011585474
-0.418565588528
0.218860317546
-0.0884520475221
-0.0747724823836
-0.436109095262
-0.594709267872
-0.556513920124
-0.567858693546
-0.459161961029
-0.291542445408
-0.085533083982
0.205479829972
-0.168630146099
-1.63900720964
-0.450079063971
-0.126559066419
-0.185249741682
-0.282953151957
-0.3157901743
0.0589964008259
-0.892537629888
-0.063119721989
-0.0733220900757
-0.357227215238
-0.31366634423
-0.0290461704506
-0.524603673483
-0.972613031703
-0.681107540795
-0.653443613055
-0.328914490028
-0.0798389427
0.0642079507186
-0.134554175183
-0.46099028834
-0.566526899667
-0.78420767273
-0.516032596697
-0.255132067215
-0.184254984732
-0.206849061942
0.0990720025791
-0.244182961019
-0.300452024891
-0.659116593691
-0.494427935926
-0.264432669598
-0.0650500259737
-0.0237169086979
0.0960886441293
-0.0746085996008
-0.174932476127
-0.662171338801
-0.136144261258
0.0425869697988
0.318834374803
0.625411809087
0.184130780019
-0.319240835958
-0.0809381148426
-0.337060284854
0.417929362015
0.0230483043979
0.134254716183
0.180249291277
0.114799097935
0.256432120868
-0.258636404904
-0.099242743879
-0.124239509218
0.138854779843
0.230138800908
0.334842743082
0.360656575747
-0.170748611141
0.49663092939
-0.120206253264
0.0452267080833
0.405406045987
0.400676341882
0.40476039531
0.333367898777
0.269081928814
0.326115977967
0.0730913030004
-0.0390520085989
0.0929843478868
-0.229713140396
0.103448409404
0.229279445722
0.410821043545
0.2239449532
0.0866100006249
0.236420878613
-0.254078010903
0.295288678483
-0.20259658548
0.164500486935
0.382167943112
0.400416870734
0.652017222925
0.620023685675
0.509247794524
0.303766546132
0.0963460086805
0.0158811975751
-0.264026483757
-0.308419060983
0.485557593805
0.364942802324
-0.251220889052
-0.245206212913
-0.536700772908
-0.0307575730961
-0.321449354603
-0.214728061177
-0.584347782694
-0.941808183219
-0.224820401708
-0.606170138532
-0.328242155798
-0.798731143671
-0.38079952679
-0.315615777899
-0.229978667539
-0.564818965456
-0.255001973798
-0.22801517254
-0.00845844522572
-0.0785602725834
0.0997598192156
0.336666397931
-0.476993131807
-0.278351342252
-0.327953901188
0.0976650083064
0.205048698766
0.183612426404
-0.0937097701814
0.355482386474
-0.343503279298
-0.269020821876
-0.143554384112
0.43470254782
-0.0140418232931
-0.135430219697
-0.447599631016
0.257590231928
-0.318388260791
-0.676979109891
-0.354261483778
0.0746871714231
0.528750135479
0.134236897738
0.0653522843802
-0.390914865024
-0.0453362331308
-0.612544604138
-0.706400171364
-0.325960938551
-0.15113542725
-0.118141896315
0.305641496554
-0.23046569029
-0.325339032808
-0.388187596756
-0.831476552266
-0.604626068127
-0.126451864908
0.208381465882
-0.238737182028
0.335329689255
-0.4666463809
-0.493385323321
-0.625021297624
-0.484917388854
0.078763605469
0.161171367869
0.100596198573
0.132624345348
-0.126494586308
-0.0989363166407
-0.176946369809
-0.576433144205
-0.424670992201
0.151188330252
0.0726750258059
-0.0761418910116
-0.0774101859514
-0.211917264852
-0.537977233831
-0.39657935117
-0.529524892818
0.247764462281
0.121219665218
0.284785629561
-0.0594226981836
-0.125218805492
-0.236732253855
0.218968489099
-0.383369255296
-0.395654502808
-0.287952534195
-0.065066204591
0.256457315667
0.265744188654
0.341358429357
0.0234533963105
-0.149552552585
-0.0302166640032
-0.134093742388
-0.251083397665
0.210017420235
0.776772952748
0.288605795964
0.467932688036
0.568911373691
0.38624591586
0.193060858022
0.298711882609
0.251531949083
0.0827290416605
0.759547018958
0.535509390717
0.899995653589
0.654284516686
0.306793581106
0.127215078625
0.113401462303
0.229680168959
0.0734948214622
0.345805109832
-0.0888976717751
-0.579231966112
-0.864569238487
-0.469138620564
0.0557698133633
-0.0984329066374
-0.182848664769
-0.296725925219
0.370534854402
-0.460627301436
-0.292170830427
-0.731802331914
0.292853824975
0.124807664061
-0.227256265199
-0.372760459695
-0.431488177422
-0.739743915842
-0.552157820913
-0.558476579115
0.242695227569
0.148479526783
-0.130170508185
-0.19708516145
-0.270347516654
-0.0577071479384
-0.307177764294
-0.423038833808
-0.194919743777
0.146434677276
-0.140427155204
-0.380553127773
-0.195245387153
-0.17026031699
-0.0579533609756
-0.404344064943
-0.687624073225
-0.0052855602269
-0.28577501057
-0.0162289163747
-0.00101604318041
0.0392921059375
-0.080891767342
-0.235417245382
-0.0152068466319
-0.287220308849
0.136603900869
0.122025764714
0.298550598126
0.189831627794
-0.00261729321909
-0.307083674503
-0.119675109477
0.167710855417
0.207879447379
0.255835944965
-0.201879862171
-0.127095254396
-0.222218362454
-0.348416770267
-0.198633054277
0.0012998288663
0.529156322914
0.625486853811
0.172392263293
0.143545939434
-0.3202827235
-0.368644387186
-0.38613144674
0.154138235107
0.629969958435
0.20182794502
0.298905260421
0.100090977904
0.0711973119769
-0.312994804931
-0.289602635525
0.426884654223
0.293436254311
0.359499131395
0.311541186221
0.168736349733
-0.1523174597
-0.232359163605
-0.0688293926109
-0.0530089987262
0.572086597197
0.3689406671
0.404065311703
0.290552080927
0.0719023552698
-0.0303945373517
-0.07341469039
0.725293806609
0.327262868407
0.254276007941
0.226869537519
-0.00483113949071
0.199923543479
0.123626133571
0.495780395511
0.304125484236
0.564876554502
0.0216648917527
0.219131427495
0.0923676681327
0.291675619274
0.277446816173
0.554435398498
0.728599839275
0.19822658753
-0.0520817760068
-0.0431863305297
-0.171918181267
0.455396199976
0.321514322791
0.514832840015
0.42728946928
0.37327633256
0.360535660355
-0.486605381543
-0.516391580582
-0.045574793275
0.488740027998
0.160381679182
0.558242294897
-0.0308295284242
0.234256962518
0.0352383243669
0.0617567150941
-0.145856340753
-0.145852141325
0.058024051757
-0.185441535759
0.161769619189
0.100312624587
0.563675606185
0.123602687886
0.0385147030216
-0.139151507495
0.317783141028
0.494669762081
-0.0283608371952
0.823794286156
0.521168705954
0.143973481629
-0.634872278754
-0.115568385565
-0.341074693685
-0.184510508486
0.317858400051
-0.0561974047689
0.017336545802
0.421998381031
0.0232103612257
-0.0564580739165
-0.386462422979
-0.243279224042
0.245763230534
-0.193026838248
-0.0330893405419
0.0267749895624
0.073853320353
-0.184404696219
-0.800445855997
0.103615705957
-0.0890632325778
-0.105633664422
-0.0902125258901
0.42484908141
-0.26531680738
-0.419355983847
-0.800665621948
-0.337830288751
-0.115082509055
-0.203877811643
0.205131434356
0.0991751396243
-0.207201960697
-0.256706476634
-0.609047356009
-0.738366553286
-0.175945998611
-0.343215332548
0.172013178235
-0.13153301652
-0.228856533592
-0.0718340565365
-0.602708324486
-0.376048259979
-0.442906256668
0.0713116168705
-0.139695844382
-0.197214529146
-0.0833387927648
-0.0439653526837
-0.645366404635
-0.439507084019
-0.563272263947
-0.343736946632
-0.07272698409
-0.119122939955
-0.493302051989
0.131845911072
-0.235606546201
-0.12522353963
-0.677689195816
-0.347283868537
0.494643270136
-0.204382768132
-0.206584704795
-0.138947613806
-0.253285582292
0.0222227674687
0.0901161533721
0.122418647937
0.185878828962
-0.0511773424625
0.035022872336
-0.287628184472
-0.0447491410496
0.252698930747
0.0835079357069
0.191524725995
0.107888013505
0.482142663344
0.0386398399714
-0.0541052337899
-0.311829120699
0.0525712743208
0.0985626112687
-0.269300316738
0.326732167869
0.118297822847
0.0401468711222
-0.0482402911137
-0.20840233909
0.454431314695
-0.12351368896
0.332489215697
-0.0626656735606
0.190746291239
0.270282422564
0.107828812147
0.0772176679199
-0.242052772377
0.268292680483
0.206559160539
-0.118792387429
0.385083899245
0.511872100915
0.454210373592
0.401326065857
-0.215184898643
-0.307434125406
-0.0132046499103
-0.154462396751
-0.371044643889
-0.245442263278
-0.264047654409
-0.430773904656
-0.217672363445
-0.14655657077
-0.206791853374
-0.24302233001
-0.339525498554
-0.414540221093
-0.610721257105
-0.1252918631
-0.354504367763
-0.11255360669
-0.0852417977902
-0.846270138576
-0.13745461202
-0.301856798912
-0.195434252421
-0.289000016305
-0.17381151924
-0.27965107001
-0.258834611225
-0.357097232303
-0.112431238156
-0.303958184362
0.0075268747476
0.0243946561761
-0.0167729968745
-0.00494232847495
0.203238924957
-0.401681144859
0.0704581707283
-0.200850293419
0.118334925696
0.0921004228962
0.185237011883
0.116393615417
-0.108373348553
0.0336589009359
0.215707940981
0.15756767567
0.430233238856
0.586789582172
0.553393319691
0.588329183787
-0.18023202935
0.0261887944016
0.317665632618
0.460693982941
0.460214897151
0.433864076643
0.34747596388
0.689659069156
0.343563573518
0.227938232828
0.261494123569
0.17126813059
0.386998985995
0.901923347438
0.550392092917
0.508668314134
0.0351644610575
0.313249211095
0.397468143873
-0.0826358669865
0.159077311814
1.11973433791
0.216518472629
-0.509485970662
-0.062594613852
-0.0600097127015
0.324466639914
-0.0902708581558
0.135129161351
0.123380571957
0.189301965217
-0.94250363404
-0.291959038583
-0.221411918493
-0.242931640162
-0.165311942191
0.101965180123
0.0516740217224
0.180760855906
-1.26239645403
-0.200895400929
-0.128507684999
-0.532042216264
-0.0582490185101
0.0913283908885
-0.00236122467684
-0.0612915886163
-0.890106019315
0.104073719028
-0.393328529135
-0.308507365003
0.378824179193
0.336100240745
-0.224116941138
0.564352795981
-1.31699881145
0.267007593003
-0.318841854066
-0.366263721504
0.133879317507
-0.0211776274863
0.179643216719
-0.161132088678
-0.561811995957
-0.476969345256
-0.833909389572
-0.308490582227
-0.558744492904
-0.802204732087
-0.326347215172
-0.0252830509341
-0.264276052739
-0.899259610129
-0.869633048022
-0.491859529504
-0.385735728859
-0.780120699105
-0.211978303574
0.275463809779
-0.799159735196
0.071794759407
0.260623601237
0.140618981885
-0.392300536114
-0.328423805784
0.0761346253761
-0.00486662406401
0.139687449105
-0.183553166282
0.0162390527817
0.0244074799843
0.187237601325
-0.0346942053275
0.405622585233
0.0707142275453
-0.184491716218
0.339126041222
0.0586177804751
0.0864016428127
0.2518125388
0.0646179596021
-0.188723228517
0.0197914319323
0.130899673521
0.0307474002772
0.238589009932
-0.281001471892
0.143769870434
-0.478504826562
0.473278697461
0.15254896334
0.0291458661812
-0.27699822558
0.159683137135
0.154187774883
0.13950708703
-0.147245273814
0.526553570197
0.357825975103
0.319990979573
-0.276834717295
-0.194258801792
0.243052425594
0.236672470135
0.154706123268
0.211545026887
0.386046387352
0.41225184951
-0.128893450825
-0.333824912367
-0.0618983553637
0.179777684393
0.0628219449145
0.592834927016
0.762391949854
0.576513467313
0.163627915623
-0.283438928572
-0.382288398514
0.0719146684128
0.578919784813
0.691286167949
0.521887620504
1.03201975341
0.287149530578
-0.211115386314
-0.437323898788
-0.076054257577
0.542157926005
0.555740148549
0.581574247098
0.135573254916
0.320650713007
-0.0648967083233
-0.276046065668
0.0580947067357
0.100624855503
0.418022458289
0.168629611168
0.322942072859
-0.0148403623857
-0.299777405004
-0.742654323358
-0.030883215005
-0.00108577839178
0.455812805698
0.2821824247
-0.27358823575
-0.40405820979
-0.151663594584
-0.621480956093
-0.403416707908
-0.00414841835963
0.372720157484
0.0231687522018
-0.48171737383
-0.13124805911
0.0144108651145
-0.344445261496
-0.570683433648
0.00771275000216
0.0380933474409
0.129003069031
-0.901499871838
-0.0441875740843
-0.11586212912
-0.543619261105
-0.313772020148
-0.110445551433
0.218167293966
-0.236235046746
-0.798005160366
0.097862555922
-0.0416532591271
-0.349062462755
-1.02489328678
0.0498430234099
0.149086472748
-0.021177810807
-0.343837246912
-0.319777169893
-0.440386193589
-0.152775927016
-0.90469131707
-0.479188605532
0.311386649213
-0.0878152658469
-0.147181185942
0.0673283332405
0.17495561601
0.0279835602475
-0.284669944695
-0.292679664188
-0.48017347113
-0.346691278137
0.297852267904
0.0689597788485
0.017251591593
0.0307793258939
-0.0436129557978
-0.192185164086
-0.44791352558
-0.156410374312
-0.00611374300571
0.240478224889
-0.063868053135
0.234712238612
0.15676989802
-0.173776441148
-0.459890976423
-0.151720545938
0.413207940118
0.0385015467236
0.492404105539
0.00683017883836
-0.0829964329743
0.0332577250835
0.138338207205
0.359047830543
0.168916611382
0.292202230819
0.228609269524
0.337969485492
0.120154881572
0.299664616538
0.00907393057497
-0.0269106253309
0.482696832518
0.105618276953
0.306915474969
0.14931661527
0.534918723863
0.3631084515
0.338396861804
0.292793613017
0.165045338781
0.185178677931
-0.154437419456
-0.368086380248
0.0659272640484
0.267852040528
0.786829176344
0.243897537183
-0.168733735248
-0.433840327297
-0.475676638982
-0.284416640406
0.0183840013842
0.38407797782
1.01124581797
0.486957753545
-0.41995372173
-0.625899452626
-0.376783930925
-0.42222140267
-0.263384293579
0.290006637789
1.34607140566
0.790298045164
-0.434512193863
-0.589460985977
-0.572300050915
-0.571365003371
-0.243602619647
0.107987476299
0.560865828058
0.201225487093
-0.241120464885
0.200600750999
-0.345960014138
-0.223032876198
-0.376048349199
-0.11568031425
0.146755678248
-0.330724616084
-0.0827242794921
0.104068389179
0.0856592717556
0.0358744644262
-0.16885144532
-0.337202661268
-0.395372449774
-0.0330894495174
-0.0475965641777
0.0568309107037
0.204075622406
0.175937160254
-0.115885725466
-0.570107259158
-0.477901188521
-0.132615305331
0.127745551654
0.522839543482
-0.113722983979
0.528574651277
0.244060220634
-0.118384303674
-0.726184690827
0.401465985134
0.393606158673
0.0403807658295
0.102077268029
0.205631031257
0.18300690172
0.0845800419571
-0.279386799312
0.424850805086
0.623932139096
0.575845108456
-0.00465017251508
0.231237218197
0.22586562605
0.543356953085
-0.264531521338
0.0626536325253
0.549993197835
0.778713227507
0.871821339508
1.12537447478
0.596400151569
0.00941815011935
0.350019450892
0.339841284933
0.523511469437
0.62811094958
0.288970474984
0.188550525274
0.223740907716
0.547317651485
0.304281041233
0.213440748826
0.176624028918
0.344274920559
0.281989671034
0.5620199121
0.728505230794
0.699062407977
0.129021280682
0.375875693188
0.575237641191
0.272727932003
0.389849500508
0.154273706475
0.145718290482
0.246253698751
0.198845330693
0.205661224197
-0.0310623277906
0.0459417252602
-0.0706387649268
-0.066070887528
0.318237220885
0.169533033656
0.170692283387
-0.0663892210478
0.518655858623
0.0287724622697
0.0871076071963
0.126045504723
0.103091050268
0.431182462771
0.305204367764
-0.108887381532
0.406629346067
0.141535546845
0.206663733547
0.0211678623428
0.197006208354
-0.0310643458799
0.30065048051
0.0447026331344
0.44589497809
0.192481704632
0.168809991875
0.155919138145
0.201659914117
-0.208019740102
0.0423381904875
0.201805262817
0.363504613222
-0.100889627746
0.0054708635981
-0.0852120281278
-0.118890384728
-0.113345156356
-0.441839410197
-0.0543149104854
0.232651689185
-0.0595767758307
0.239279096086
0.170398467061
0.0541312849769
-0.30591048049
-0.440397654669
-0.0562190740259
0.141517744312
-0.305696464169
-0.158910305327
-0.134650425672
-0.0614965729955
-0.156989068094
-0.358668727129
-0.220097677026
-0.0660058646489
0.062394030819
0.074545392615
-0.109423485686
-0.0397133933911
-0.421987102865
-0.436423816735
0.118598525239
-0.05943079357
-0.178766226662
-0.0398270968404
-0.0429627422274
0.0243080553827
-0.79788301081
-0.131825351202
-0.269952249538
-0.241968357406
-0.232503878151
-0.106201302318
-0.21863653685
-0.380566348782
-0.358593903852
-0.25186952295
-0.325402465563
-0.263311968746
-0.00795500910467
0.132957391362
-0.0595381834259
-0.423281143528
-0.424034806891
-0.163766889843
-0.345733477779
-0.430875983372
0.0576555534253
-0.218091387171
-0.345175063428
-0.419666430759
-0.777546830121
-0.204247251603
-0.168536499515
-0.0472281014679
0.388380937178
0.358243687312
0.548937093479
0.188946947548
0.243596420074
0.164509839813
0.202430665643
0.243838867004
0.439345860858
0.379386235997
0.116890188187
0.254102484299
0.251103130092
0.375803919296
0.101529415348
0.150181588202
0.738980175901
0.504205413294
0.279981978895
0.164063458178
0.107443367984
0.210065974133
0.444710567466
0.319819413002
0.160672317285
0.266642980871
0.426198442243
0.235003168931
-0.112512686311
-0.0419111480453
0.288671433483
0.640387472328
0.329921501503
0.219869789685
0.137467633505
-0.10132252361
-0.16156177704
0.246218360696
-0.143884633165
0.351160687239
0.194999057505
0.357032210564
0.232441641295
-0.182403914872
-0.144209755172
-0.0987398247532
0.267007736822
0.0197852274157
0.243507992034
-0.0263296097141
0.369964882516
0.0625273705272
-0.163789057748
-0.22931721075
-0.555112467104
-0.00331261388383
-0.108081483016
0.394583481792
0.00543158779946
-0.372726442676
0.294317405544
0.0624203553767
-0.18033328464
-0.434404441828
-0.124703735211
0.0687275119918
-0.287348637189
0.343278334138
-0.0147775077912
-0.391799728543
-0.421985570836
-0.219769942274
-0.00950714127767
-0.19341592946
-0.1133112977
0.0925542294319
0.23099930634
-0.282852816097
-0.397296608103
-0.268433305049
-0.499065354553
-0.177381385143
0.0547721384073
-0.0298182529422
0.403456008711
-0.453187954352
-0.485943079965
0.099276110593
-0.276134908889
0.136684103914
-0.21474791551
0.119452519459
-0.514777631157
-0.156322386705
0.161592190175
-0.159751532487
0.0243392492108
-0.266138169852
-0.0221115814011
-0.240342914306
-0.144296173096
-0.0308209834698
-0.395718656256
-0.324603253671
-0.254064176959
-0.186556088431
-0.16553811019
0.000872517337021
0.186195773038
0.168795897718
-0.336420435258
-0.325147422769
0.263465572392
0.202891138222
-0.0829936164936
-0.236567780079
0.111144260507
0.1068806709
-0.126975112271
-0.257411424951
-0.165313929187
-0.20231744146
0.0984024401984
-0.182117841468
-0.0088930202135
0.265557975215
0.139515589821
-0.277087995208
-0.113660381162
0.454127453501
0.155233096214
0.47933627402
0.482733328198
0.356607889027
0.068695238522
0.151089536042
-0.261399787341
-0.0914969689203
0.298345944057
-0.0385940454038
0.301280356289
-0.0482113438522
0.285968967986
-0.126339612288
0.0737618988993
0.29230022105
0.154076043754
0.364616658491
0.195155456197
-0.0442306767916
0.0951242956992
0.278968102072
0.171089262948
-0.0300392483905
0.155364003694
-0.0724449289739
-0.212282737942
0.224904321088
0.229228178585
0.407215679206
-0.105982437398
-0.0162431512008
0.290428151266
0.073516560654
0.27641992514
0.256568722329
0.465237666277
0.373023856305
0.0307208160552
-0.0694778770029
-0.116005470573
0.282960422225
-0.172344343271
0.462986498423
0.340024677723
0.341736483708
-0.0215287406174
-0.242677287092
-0.501520649237
-0.289943381742
-0.111489824327
0.178291521949
0.654068969901
0.464401894159
0.0363156242136
-0.148154039812
-0.444722095664
-0.407069652123
-0.29820556366
-0.121205785005
0.661268174878
0.814516277792
0.14664322718
-0.0610839991007
-0.275554073771
-0.604160054789
-0.631576139223
0.121717125785
-0.0078988814071
0.24696988308
0.482493730358
0.0294507549132
0.0148429208808
-0.277239186771
-0.735019752915
-0.113686595862
0.551392212471
0.29904302459
0.284732228563
-0.0819411005778
-0.0460748315925
-0.176597504438
-1.37085161457
-0.0205060189624
0.272894239294
0.0944529676515
-0.0367137216128
-0.0430100421395
-0.0233629985733
-0.253826595162
-1.24095801676
-0.158295664276
0.17304409569
-0.148430189095
-0.111576848173
0.0950824143593
0.055048200354
-0.0439657183303
-1.25459219582
-0.279590945315
-0.0541735010569
-0.472830166839
0.123710155504
-0.295547246353
0.0323565156528
-0.049129373968
-1.18454936676
-0.142399009916
-0.201651531431
-0.173965132743
0.31344243386
0.0276059082276
-0.0723264183247
0.0705049141626
-1.05081455083
-0.0508606105324
-0.0131582664983
-0.175967023208
0.0188870807618
-0.135093348259
0.0655610581563
-0.345449005048
-0.598439720489
-0.750908099041
-0.55174464909
-0.0994469962013
-0.126645084414
0.110301444292
0.145883027327
0.278037335902
0.295914214146
0.0019688515587
-0.0864513855357
-0.130555295708
0.297656612954
0.115653597384
0.190730193789
0.0562355564657
0.178822213263
-0.175974995971
-0.100981858505
0.12328993274
0.379607921109
0.50563869072
0.171059815536
-0.0807160573103
0.302118522285
0.072124988465
0.446705083326
0.419202305234
0.183981866625
-0.0204392451815
0.247739386835
-0.161473481389
0.320193943804
0.424047725806
0.0318601128301
0.493476625368
0.410872852872
0.225356970244
0.0384937823275
0.00341334050619
-0.296066623442
0.353632587388
0.324580553944
0.300282373249
0.183851285756
-0.071194097408
-0.153360868146
-0.335114829599
-0.51546208608
0.225476069418
0.609383355296
0.254437856795
0.334973231551
-0.112979344619
-0.208222947155
-0.192835837821
-0.347996929131
-0.534530717524
0.183678079723
0.278031961623
0.14467922603
0.439569697932
0.0106851227017
0.388573104981
-0.145118551629
-0.5652209034
-0.223205913401
-0.143518129999
-0.00181556055666
0.0852155994358
0.183734264515
0.284858714694
0.430953426576
-0.111143081905
-0.863073519797
-0.89950712578
-0.219422348469
-0.201918000897
-0.125930931331
0.00853436334503
0.346026445603
0.211562832255
-2.24227314586
-0.893742896318
-0.511891836888
-0.632765835922
0.0739005965329
0.710146187414
0.355597775457
0.56150693533
-0.0762619962181
-0.266643754676
-0.42765318854
0.153190476417
0.298255782164
-0.0152786326139
0.697873349528
0.45208960447
0.117672884942
0.414524697229
-0.510225746659
0.0294936567501
0.204020032664
-0.0923431004015
0.0437101364083
0.199467935736
0.0283529837913
0.321047442395
-0.427265881139
0.300789144463
-0.218315658186
-0.149570236763
-0.25441568042
-0.166622249675
0.150546035462
0.152744117231
0.0140083305298
0.073934385091
0.170824549626
-0.258837332224
-0.0652912853038
0.573988082827
0.386280780929
0.14132587438
0.363339274051
0.260716811217
0.0196040176737
0.0756643666734
-0.221931628166
-0.622642744161
0.0749771777402
-0.322748519862
-0.32970352392
-0.246650532084
-0.191303917612
0.425633283297
-0.0830430116097
0.0760030767898
-0.0805326341042
-0.218488007326
0.146533440035
0.255108148294
0.280466459873
-0.206763586251
0.202589283852
0.352573117812
-0.092350974642
0.251388614209
0.521332553266
0.144735979205
0.469499354083
0.108078225201
-0.0236356987602
-0.391764524243
-0.142153746726
0.000639648356852
-0.096059768461
0.215353371423
0.0855013470646
-0.0123000977941
-0.0236778492459
-0.383941294386
-0.137069745127
0.125276244831
0.462597014421
0.327174455881
0.00160100315806
0.27336475416
0.375319856329
-0.364039203382
0.168586197753
0.13624886537
-0.0148132327681
0.419624163911
0.35095610227
0.0131908618513
0.0423987270558
-0.242285294633
-0.091441923312
0.237692853182
0.0875213968123
0.158799695256
0.276721994719
0.268117506868
0.374319112491
0.107845572421
-0.0865912479281
0.00744193194606
0.0607906028811
0.185072460761
0.008968823199
0.24608950302
0.0944051497829
0.288441130821
0.0835706245386
0.195910542328
0.0744970629024
-0.0140203163034
0.119385194375
0.167436622567
0.303145088063
0.00848924098904
-0.106443476311
0.150772547156
0.331310420739
-0.098838123412
0.245952577184
0.0589741995782
-0.159144553669
-0.427921388918
-0.741042271989
-0.298069057638
-0.178905443617
0.209748856055
0.0246512153635
-0.0131860763414
-0.0316990952354
-0.951981548791
-0.574458342635
-0.288986285104
-0.0667001247044
0.335294336876
-0.0223544633184
-0.0479626640402
-0.107584165546
-0.583523180412
-0.371406697719
0.0416021634179
-0.238732284711
-0.0616380739046
0.0912638102444
0.055542700497
0.23630340522
-0.609126283053
-0.635345916397
-0.407502805322
0.100118904081
0.590815052395
0.222724923466
0.132729832864
0.118396881885
-0.243322057473
-0.533749289229
0.107631990546
-0.259424189874
-0.215768583415
0.561425624417
0.055904134041
0.0346109987414
0.644226181685
-0.199001275215
-1.04387266394
-0.100786701241
0.0835798388362
-0.142152986469
0.336485877319
0.643001598405
0.365299637401
-0.00223616417281
-0.0138982876699
-0.582509893661
-1.17357609597
-0.447416228246
0.0216056910451
0.49504214497
-0.521596025428
-0.687446581358
-0.121804305283
-0.822185937479
-0.436786554647
-0.324238996303
0.0281602014496
-0.0173195586071
-0.499403529526
0.414663452497
-0.190186721869
-0.82483653277
-0.496291700896
-0.24430928866
-0.232287728081
0.676268968933
0.341455370064
-0.295081629435
-0.783541398621
0.068973386601
-0.533691368051
-0.344382614173
0.0149905523713
-0.441686913038
0.534105330695
0.318698155091
-1.05668102205
-0.199773831145
-0.376642170033
-0.396575779921
0.0367826459325
-0.139150518222
0.622100183818
0.0995584157803
-1.04006949976
0.265728835652
-0.342233505243
-0.344713148909
0.368574697474
0.474668513774
0.870183693532
0.586164595248
-0.949379198381
-0.514536112967
-0.228639326767
0.169777234041
0.238624023128
0.216661252996
0.429385481114
0.453925719394
-0.541292570796
-0.349930738248
-0.896464779018
0.304890111853
-0.0559459603503
0.132615888801
0.389731670951
0.855176557631
-0.312355184451
-0.354428010828
-0.418541983925
0.243477333024
0.427765995228
0.0461157802617
0.406118133081
0.40751129909
0.1209662907
0.171181206198
-0.589070456904
0.162664248153
0.406080322842
0.510453505676
0.572417326423
0.72328439511
0.156030708093
0.328615181538
-0.0745715578938
-0.00629706982816
-0.129583807855
0.336827555217
0.384102395991
0.123108466721
-0.0438917682112
0.0776301130978
-0.148624072032
0.0636440938005
-0.0349925988254
0.323259081936
0.38563728252
-0.304270136108
0.0120092125117
0.328257738517
-0.0955740001388
-0.157090212249
-0.0760785944997
0.260868211701
0.222388434484
-0.155450999182
0.297395959038
-0.171767122507
-0.293269987906
-0.0341892205055
0.049615898925
0.197028995909
-0.0445658935427
-0.239074505359
0.173109609574
-0.322264016749
0.0356369784224
0.0686789915913
0.0713877953748
0.138142857047
-0.612749770632
0.203146934903
-0.0381748916904
-0.206168956481
0.268199546623
0.222827421618
-0.010258971402
0.329714826009
-0.248310361071
-0.899446041695
-0.105076973585
-0.489258451421
-0.861995743388
0.26396255812
0.280981648761
0.549596832052
0.342112162677
0.0128980093713
-0.900713494414
-0.543900606121
-0.887543036897
0.00640878671082
0.279636159174
0.658308922482
0.218994981314
0.151151824351
-0.0522055005455
-0.692058071704
-0.637007885115
-0.194234138809
0.195736932514
0.954135506553
0.552368801081
0.424042769678
-0.591094809503
-0.194338709046
-0.776461106143
0.224364848733
-0.132852745038
0.445209904451
0.646682473127
0.567475321548
-0.533716752794
0.166488638341
-0.774837485841
-0.125709949663
0.0155707479828
0.384346529012
0.618893585467
0.639116578959
-0.229100246802
-0.295142066456
-0.248327922873
-0.211321227567
0.376514775414
0.420547713955
0.758112196845
0.564911215068
0.00858161331782
-0.640914760414
-0.444479037117
-0.789069684417
0.167844444468
0.395625634396
0.0930787062717
0.150141896118
-0.0991189120387
-0.11773085809
-0.459210066289
-0.436726585024
-0.314450426444
-0.00471393441001
0.264826919724
-0.297048642184
-0.0694577547477
-0.147414901448
-0.165496328954
-0.434913537067
-0.460765641015
-0.161186495145
0.0864131686901
-0.0733467304129
-0.194141096361
-0.122136719515
-0.243289858052
0.161060571166
-0.419968130674
-0.393802258358
-0.258320566388
-0.000413763439488
-0.038592747734
0.0164287206185
0.601589800053
0.0880121886451
-0.159240157306
-0.150781103113
-0.0574032968105
-0.256655616425
0.234666901928
-0.00209197366875
0.37112756616
0.399970429061
-0.296891110122
-0.145397392986
-0.128831771522
-0.524023869445
-0.226020535648
-0.107211017831
0.0746947855323
0.104884122542
0.184572281212
-0.215936717399
-0.52085866651
0.154419515132
0.0856250481694
-0.286477420257
0.0297060380423
0.030741977337
0.153778038177
-0.0759401702707
-0.413007134386
-0.346377945588
-0.197821645587
-0.28076596411
-0.0700961989991
0.225776956218
-0.243469373532
0.118791627522
0.0752225896605
-0.234176060091
-0.423939557793
-0.652629654706
0.358014487676
-0.22979586606
0.580548364521
-0.0320118526279
-0.619025645851
-0.21955736183
-0.113312469194
-0.223741961586
-0.248578886829
-0.212627992546
-0.163255041481
-0.180920893973
-0.3703834706
-0.0607655634915
-0.124138551007
-0.200205667134
-0.280576824667
-0.338864085305
-0.557876443918
-0.624314810647
-0.718776417219
0.0136262242511
-0.255557514149
-0.289840738647
-0.530132758125
-0.500185222812
0.222667689766
0.198308018145
-0.205503870814
-0.440936040234
-0.474832630264
-0.477663867807
-0.238477182221
-0.423683515259
-0.0317285670113
0.234049674934
-0.276808170121
-0.635024843535
-0.785937214381
-0.414522483129
-0.466573752038
-0.908228903286
0.0366199039119
0.0679967607106
0.0666793950077
-0.198850010029
-1.33458892148
-0.661063909118
-0.485733829831
-0.988437496622
0.0534875469211
-0.0398319806145
0.64012032308
-0.381948363416
-0.873047475052
-0.375837119257
-0.0905775689182
-0.366153740126
-0.985087713311
0.686209844781
0.892340832428
0.550498374475
-0.0607577549101
0.177626896423
0.451181247316
-0.0111531065722
-0.681826263367
-0.0113092895354
0.876715914566
0.668981083184
0.328158109688
0.479389539466
0.458925209431
0.16070712415
-0.119328675505
-0.137843243954
0.436300771566
0.377761847384
0.6429158411
0.235063883779
0.477551714371
0.0431346118599
0.375110874766
-0.496114943509
0.419164057793
0.292358626623
0.547957690349
0.362938468497
-0.0936069424387
0.233407246851
0.0772408815308
-0.202990950398
0.207239242767
0.232700156038
0.313097422513
-0.305231483552
-0.636341658251
0.0873498349612
0.264076932033
-0.0113661495031
0.0364173071333
-0.382016763685
0.422183342072
-0.156242175638
-0.604459554695
0.125267908362
0.286479199712
0.476585067365
-0.210257617767
-0.035798405592
0.169736151689
-0.915964252262
-0.137507802346
-0.468001377797
0.0368729954442
-0.198215084157
-0.532884194839
0.0101297479964
-0.286169865505
-0.0591721973018
0.0460255520467
-0.63109887215
0.0620673077142
0.100267606356
-0.188306416895
-0.155072169269
-0.211219663559
-0.500445634765
-0.308069070126
-0.40113532269
-0.195598460019
-0.0850073787472
-0.111883845714
-0.0711307732232
-0.371296980051
-0.237321935583
-0.363185356971
-0.112565382961
0.0906876261704
-0.144620023892
0.345911300222
-0.150002531298
0.0220116540612
-0.628851935403
0.0635397430439
-0.39490268209
0.236796437563
0.062388169496
-0.0811289623329
0.195370308582
-0.254259272192
-0.403907337909
0.0498628910327
0.105732428105
0.219177103441
0.0814054710249
0.189857695436
0.367519336781
0.187054323883
0.0172616077279
-0.366010780368
-0.275882854307
0.271697906566
0.0621657824659
-0.14040326067
0.206065105748
-0.0574800050716
-0.0394480662265
0.0777260429743
-0.29226560119
0.274466101037
0.0019133521341
0.39249062163
-0.0627222189678
0.515628392673
0.0773899425062
-0.0534834523085
0.082227205273
-0.3644074085
-0.108063858506
-0.257418383208
0.00967371495218
0.0351949125694
0.501931215615
0.316547132008
0.202441718739
-0.0141883942273
-0.478955738398
-0.82555866572
-0.420796550647
0.287590461627
0.425159223226
0.390123806241
0.0450561529434
0.0470438279693
-0.217965409161
-1.12659623606
-1.15232450909
0.201349177463
0.263156660233
0.474427905198
0.0435620122297
0.104909938542
-0.0101351530301
-0.480544020643
-0.491183700331
0.037127355211
0.228909594898
0.278977642119
0.247961082838
0.268844261419
0.269038899681
0.0658515355352
0.242962808445
0.0930313507338
-0.0870686824036
-0.11478122197
0.102505476715
0.432436999554
0.156749731875
0.343374037779
0.250576312281
-0.0537496939352
-0.18077529147
-0.691174610876
-0.00888765143653
0.174119841415
0.26564764706
0.119476571789
0.433759174344
0.0135486922569
-0.686703920308
0.437909631185
-0.449969007814
0.119079882878
0.254777827239
-0.00661995878329
0.284733781586
-0.429002830238
0.180895196915
0.0921524591697
-0.156856707048
-0.415003688683
0.123034162992
0.109862049985
-0.280670245911
-0.212716648368
0.122066436671
-0.13004270656
0.0106483494325
-0.28487348395
-0.0187044886337
0.214901497035
-0.143280474392
0.0069645582553
-0.0738891434196
-0.157831378657
-0.240552687691
-0.738798104626
-0.828524713259
-0.321659027095
0.314530724272
-0.0858494196562
-0.238891654615
-0.393406751104
-0.163992460603
0.220819346366
0.316496641796
0.400857608147
0.60430003506
0.160678416025
0.279973853417
-0.120879381282
-0.121686544361
0.242490489837
0.70169453496
0.251891892734
0.0870889283029
0.443564643217
0.186309915834
-0.0711703894805
0.429549754246
0.348205716787
0.37307622234
0.458597547962
0.352855675526
0.150214188093
0.516225666035
0.553155169699
0.311824285052
0.0282010828775
0.183844232804
0.579317491505
0.104565949131
0.509468959263
0.344792465067
0.414807117585
0.590416477474
0.281938919174
0.517237203009
0.0307354085427
0.212475781853
0.643485256797
0.221723649942
0.349931354524
0.535160715062
0.153698586983
-0.248676769925
-0.0441278902215
0.108394571093
-0.111224818483
0.0373894044975
0.177628497047
0.269133792668
0.747781009552
0.590322389364
-0.168214439896
-0.75873939273
-0.312167486916
0.135258872888
0.274346987976
0.260113607605
0.00568167877059
0.438717989843
-0.212233999108
-1.15116598119
-0.586430475442
-0.489183363016
-0.244245222351
0.0365248031581
0.441543544557
-0.109820589972
-0.321601968717
-0.387200760067
-0.238474450813
-0.328436181654
0.0965224986789
-0.359166721709
0.020413978331
0.233420516671
0.0847018513069
-0.582142821238
0.193553454077
-0.0823369167875
-0.354971920617
0.332514948221
-0.271454184552
0.336686071997
-0.37050737284
0.0366125953565
0.129520932954
-0.239565975208
-0.176846579505
-0.426734994579
0.0358429434459
-0.12400467851
-0.080693759303
-0.264968141155
0.161201120195
-0.259856303238
-0.0389280615782
0.0356122679892
-0.273567663919
-0.148849380265
0.254617540537
-0.0666471137172
0.270823493232
-0.151907617178
0.232052591138
0.104764515092
-0.28891026295
-0.311264550227
0.158873280767
-0.053929137851
-0.298559024207
-0.0700545095875
0.171140424179
0.060026437495
0.138435666732
0.104500503317
0.0593626826818
-0.131069175627
0.132333381744
0.572011960795
0.262360086856
-0.0259270822318
0.0666197379473
0.014226199066
-0.00177192351713
-0.114306486187
-0.31302575129
-0.303693238995
-0.187638707967
-0.671199423865
-0.837559228861
-0.892285069126
-0.131631041264
0.217408480337
-0.00378637674192
-0.234985685269
-0.116479462936
0.0318585608481
0.089500165627
-0.233764411013
-0.238143808383
-0.21433269746
0.49870937915
-0.126714628814
0.313163133149
0.406451702049
-0.0327741164266
-0.169040443447
-0.0511800781878
0.310147504929
-0.127598227331
0.241639404652
-0.025853015005
0.110131032363
0.00226996789797
-0.31509606546
0.156138224883
0.26662336808
0.407825239821
0.155422294261
0.130453901434
-0.0193182358018
-0.00771606045703
-0.227625157409
-0.16361752165
0.120112845625
-0.0577173423272
-0.00153463982699
0.234012368822
0.020776414063
0.360083718701
0.015750559687
-0.176018123666
-0.507816247113
-0.243321791298
-0.134297362275
0.265515706111
0.481379449188
0.331613366045
0.0875698387448
-0.245469468928
-0.196595163892
-0.148902583561
0.387753566223
0.127363627923
0.200733618318
0.469907373422
-0.0631826721856
-0.410652573636
-0.526087241459
0.127626240535
0.238451293557
0.144800812285
0.189224077906
-0.268529306948
0.21346336234
-0.648685598647
-0.41525023906
0.0488697099497
-0.0505359970664
0.0959624890964
-0.0617975212043
-0.014408008552
0.264766895165
-0.0545533354388
-0.281980765939
0.50443199495
0.118504098891
0.518591914352
-0.212121801307
0.250860505569
0.248044652023
-0.253962095363
-0.120563607223
0.323364169291
0.121455954831
0.195507885568
0.0820994078746
0.145497514413
0.142301379134
0.175272964895
0.19972207569
0.0167731177976
-0.402251666865
0.162409297449
0.313636490708
0.00539768123332
0.276023914808
0.251203617874
-0.498988144391
-0.0496194261561
0.204089406118
0.101950068728
-0.130263093921
0.306662490132
0.114697982346
-0.054922632594
0.128718455253
0.141411305734
-0.254164692363
0.113656613319
-0.162171192771
0.216113398609
0.0352023400471
-0.140735819397
-0.19012684017
0.0398399890533
-0.077997071871
-0.0656449497206
0.189869368534
-0.360811591992
-0.281518923544
0.308533822013
-2.59388640286
-1.96043314918
1.72912772601
-2.04277353171
-1.46064015382
-1.57507513237
-2.4997652283
0.836412547012
2.48514705776
-0.444887699887
0.565391788796
1.85252178439
0.562861442889
-0.691435232528
-0.539587204397
0.366840764966
-0.748458543925
2.05613960223
-1.82990895179
0.716141419632
-0.0550786220286
-0.945391329495
0.967272387729
-1.09032822329
-2.0484132803
0.503240967331
2.93735647824
1.83233193639
-0.663733582354
-0.964009635743
-1.70552929228
-0.474880593982
-1.17148303539
-0.668497934098
-0.273625443959
-0.0688647151423
-0.773177096821
-0.253304063893
1.91280941988
-1.14920323101
1.31458124045
-0.627530436483
-0.17782008088
2.52128633975
-0.816313637608
-0.586624205665
-0.894739490397
-0.233783874175
-0.382887485639
-0.323069567954
-0.925960082594
-0.606540882551
2.56414572387
-0.843510485774
2.30615509408
-0.787613209994
1.80206773047
-0.579762635622
-1.25535099217
-0.530174300423
4.79418559631
-0.132331506752
-0.574577730231
3.58710846075
-0.885854903858
2.38117556285
-1.2187052621
-1.01467901881
-0.241378065351
-0.782662712765
-0.716710236443
-0.690919188704
-0.820647371164
-0.210254803458
-0.392706699266
-0.345969551743
-0.753437299179
-0.569723235497
1.61499161006
-0.675453615382
-0.608279503695
1.51011605802
2.2067422871
-0.551852071832
-1.19559010613
-0.489862976772
3.49088186361
-0.100657666334
-0.496458269532
-0.334140839816
-0.721778985434
2.61715721438
-1.12611117904
-0.655227758904
-0.186515661868
-0.573598057494
-0.742909154915
-0.655629641337
-0.690149063661
-0.205264157073
-0.307390949172
-0.358084461201
-1.02479463596
-0.676505649218
-2.60604266703
-2.06549781667
0.501656178986
-0.307068600953
-1.62912580105
0.461775306517
-1.15521971687
0.0136984193518
1.2586026876
2.17232763547
0.977127858566
2.99248547035
0.125507370013
0.241288743635
-2.56555170786
-0.196330512592
-0.907508286332
0.118756948719
-0.517988225894
1.40721926847
-0.452747803665
2.61030111839
-1.45287511145
-1.42998183408
-2.2481696314
0.166516917692
1.64053540355
-0.579816648447
-0.437833303131
-0.710795546884
-1.45200751842
2.45641383884
-1.34633642681
-0.622234939843
4.10688981416
-0.0657180895623
-0.478643021027
-0.266613637518
1.62481295167
-0.956915573573
-0.898092823752
-0.797564039747
-0.212960470789
-0.591842101932
1.66541734264
2.1319788203
2.36891485364
-0.18842114008
-0.317323620773
-0.359881691897
-1.00905040793
-0.530985875357
-1.1011307006
-0.546275042944
-0.607700244288
1.38654018297
-1.52785546109
-0.553335264845
1.17673628816
-0.635050648052
2.7471085431
-0.123392935202
-0.534282756267
-0.429422519256
-0.631485224206
3.91044178014
1.53297764795
-0.716899729453
-0.253088141086
-0.562099130042
-1.05030294302
-0.711019843041
2.43996631026
-0.245722348363
-0.322505045987
-0.367152920913
-1.00497301226
-0.740661660643
-1.33599940204
-0.801575488719
2.23937786631
-0.841779847527
-1.6501770957
-0.58716200359
0.901665759332
-0.534694889559
-0.325781594315
-0.0571146398259
-0.612202608761
-0.276505073063
-0.886586084965
-1.24317627255
-1.27388909506
2.66684339377
-0.207925665057
-0.864227217818
2.02939179918
1.90647272192
-0.754413417186
-0.249032883516
-0.394179629668
-0.375873479164
-1.15823595827
-0.734821728473
-1.18693837933
1.5840398728
2.12990264495
2.01367305679
-1.65558443497
2.92934642771
0.882423904173
2.09206224614
3.08941944453
-0.0789601972514
2.89997786048
4.84290175429
0.946365627788
2.59707980093
1.20209994832
-0.901332357977
-0.336028448777
3.59477888768
-0.928618181008
3.83009691373
2.3883851663
3.20614070114
-0.496699118654
3.1569078455
-1.26506436188
2.73944570074
-0.266187897649
-0.225220490514
-0.121131722981
-0.281321718097
2.01713118506
-0.147484263404
-0.341773916532
-0.0879533517293
-0.0456911824884
-0.0119596523323
-0.127080881923
-0.0393088251458
-0.204390751774
-0.328531038784
3.0038121335
-0.230976600731
-0.0279429577178
-0.126988294186
-0.146104097449
-0.149745520556
-0.161923670116
-0.0536283822724
-0.0776229196659
-0.0930233935444
-0.198796497867
-0.152199243986
1.12199778587
-0.922635687549
2.52175006012
-1.07454388882
0.395476759047
-0.574783581756
-1.35693807181
-0.608817900961
-0.392584531925
-0.0739280977966
-0.783949756247
-0.310208717883
-1.03744978123
-1.31292690007
1.01780599854
-0.925232907782
-0.242343617654
2.07056068019
-0.923148739824
-0.784002580671
-0.900999710037
-0.309198505416
-0.48812365048
-0.486012303368
-1.04678594315
-0.778289826972
3.62068913673
3.36998132093
2.88530485378
-0.886201161204
0.63681273592
-0.529945756736
0.92402537286
-0.486029754378
4.24765671752
-0.123816029701
-0.651938996746
4.13898802373
-0.5713393954
-0.869982952208
1.89146368438
1.96048115176
-0.219359187144
-0.530258543087
2.09451197289
-0.713503034372
3.58646182539
-0.217750458935
2.93151913087
-0.303678492922
2.01085071902
2.47578334849
-1.67015532601
-0.94837388888
-0.948103631854
-1.05757352139
0.25234464453
-0.731061344816
-1.59492911524
-0.830052647672
-0.561981877289
-0.106311805848
-0.899509739763
-0.636280830957
0.750871808188
-1.64874747833
1.83603621002
-1.22092506324
-0.422159514255
2.02951371822
-1.05693121367
-1.03823777475
1.34293009167
-0.425186311013
-0.948949082679
-0.679278723495
0.813769466081
-0.884517466178
1.06231688707
-1.68522714145
-1.63054736345
-1.94810181025
0.279272505318
-1.3511534024
-2.35021366678
-1.46305873173
4.0640652677
-0.441885222438
0.576712632193
1.47773106376
-1.88795283804
-0.103673993339
1.38399555348
-2.05959230096
-0.72194783736
0.628238083898
-1.80080938926
-1.60481410391
1.5557578841
-0.78806988359
-1.25413620984
-1.13386411343
-1.94442352955
-1.43609627201
-2.24766474897
0.551864210994
1.92267173943
0.394520681496
-1.08172099028
1.43964343131
-0.473939654367
0.782877836709
2.59752890827
-0.358437664897
-1.41823818091
2.46073527545
-1.82998267313
0.43131457438
-0.395008034146
0.418979473268
-0.811758090885
2.09059793633
-1.73720216929
-1.50118275849
-1.77027183383
-0.846316255183
1.4530300301
-0.886435042252
-1.96080356849
-1.18933173136
0.703021526819
-0.91079478095
-0.830650749833
-1.22058760566
-2.14656701827
-1.02294803478
-1.61032700246
-0.905148489318
-0.633796693681
-0.16135001977
-0.895833076394
-0.501455238967
2.76951742324
-1.59459715573
0.627076183418
0.88738311314
-0.421932026548
-0.968179000842
-1.23818057994
-0.942061877306
-1.13826387829
-0.383513906178
-0.622739944697
2.39611958007
-1.46209296041
-0.963171222565
-0.725605958315
-0.457536733177
-0.379583579357
-0.722790373023
0.766867871427
-0.453926048173
-0.926910118939
-0.353304849361
-0.19742623132
-0.0373344887727
-0.359852656058
-0.18552392213
-0.487455347917
2.10842959429
-0.696433774428
-0.493628099673
-0.151621825446
-0.473398048704
2.34507017932
-0.584766710325
-0.476710005929
-0.168865884956
-0.238253746734
-0.22893277155
-0.774808766121
-0.476757295172
1.99588140601
1.71451045319
-0.784081455754
-1.20875867515
1.58265892332
-0.837708572199
0.613236540472
-0.728083530394
-0.443157101492
-0.143564581339
-0.829283843627
-0.443046706065
-1.19809688927
-1.38880315887
2.30595890836
2.20117017242
-0.415030570915
1.74322516342
-1.20501804256
1.55302373029
1.96941517704
-0.362189391695
-0.550827398946
-0.535486550226
-1.19821732374
-0.763742959584
-0.878092468395
-0.454303281255
-0.480019473048
-0.677025645815
2.05984906301
-0.401794212042
-0.906030415368
-0.44680903905
4.63720972782
-0.0694631978288
-0.48084033392
-0.262074164411
-0.676919828972
3.0563717513
-0.980503818635
-0.508970326081
-0.152534912993
-0.525890741878
2.32520634692
-0.539024945558
3.5778849944
-0.160155619484
-0.327272698625
-0.334085080722
-0.616188644025
-0.419109024358
3.24804322102
-0.702366720213
3.32922787863
-0.746363903528
1.37961134371
-0.532764158483
-1.24796320942
2.37580177216
3.50707383462
-0.0906610527261
-0.556325096034
-0.294081456037
-0.698600906634
3.0867372123
-0.993058423078
-0.803613678968
-0.179219475103
2.20238719992
2.38454775392
1.50284195799
-0.656565446582
-0.212459279706
-0.37723042032
-0.384638111304
-0.896542603135
-0.685867158637
-2.1088802092
0.80475544457
-1.50970819115
0.132459226685
-2.81226651356
1.12800261865
-2.45496258012
-1.13324540989
-0.817635828215
2.94444769007
-1.14747271304
-0.696553186085
-1.67566530393
0.364534573271
1.14975885212
-1.58834083436
3.64901933676
-1.3876127832
-1.74368028973
-1.4023051393
-1.72949286575
1.89760851513
-1.06152074856
-0.785696441449
-1.75919066274
-1.14122681733
-0.902654297673
-0.466141156876
-0.390087747776
-0.646944703492
1.14815286168
-0.329592295598
-0.957021138467
-0.283904774559
3.62233648599
-0.0714983054054
-0.340215512926
-0.152012874708
-0.594043440155
1.75876516411
1.9137434825
-0.559938182348
-0.169117541451
-0.366590581509
-0.632960181531
-0.480991592357
1.99920769004
4.11570400499
-0.246116166119
-0.282110127033
-0.582385268874
-0.32726849806
-1.04866720325
-0.552375600233
-0.487130047398
-0.505396035835
-1.52073090505
-0.447034333295
-0.949358060797
-0.342131057448
-0.203232033131
-0.0323197859941
-0.40769611269
-0.185172209709
-0.841971009104
1.68704347159
2.27162006657
-0.567234869658
-0.140646601745
-0.533691901564
-0.567440325136
-0.454468675749
-0.721748591363
-0.153156729174
-0.45008480618
-0.262147794762
-0.560822270825
-0.364926931221
2.64262797333
-0.272579846152
-0.345919120752
-0.382136750843
2.40567241826
-0.207458115713
-0.715035535957
-0.225316131653
-0.143257380877
-0.0203818968131
-0.278550481279
-0.125275390975
-0.367541588074
-0.513631534029
-0.491870255026
-0.366779687277
-0.0889269081576
-0.28667571016
-0.423771818113
-0.366686942956
-0.257645022926
-0.0702925654229
-0.14472044673
-0.200351311837
-0.438798307253
-0.34392224674
-0.982467049699
-0.460442651389
-0.506531788294
-0.776714345246
-1.4540585669
-0.488865925542
-1.0336682377
2.67922004572
-0.292172786461
-0.0674194359665
-0.402510823953
5.52910126519
-0.693053337721
-1.19502992465
-0.906369633417
-0.524759530589
-0.180888025817
-0.429920013041
-0.907732681819
2.4436941659
-0.583937549044
-0.229130546868
-0.319662911902
-0.317641897377
-1.00448968787
-0.713586117085
-0.921686060312
-0.492562375489
-0.429927287436
-0.577759243788
-1.2598593943
-0.341642128867
-0.892983223477
-0.407029609397
5.18459974615
-0.0496124234068
-0.400947032456
-0.244533443791
-0.662990843004
-0.869544332598
-0.846276627684
-0.536545832281
-0.126327162437
-0.447640869887
-0.635140610437
-0.538101544778
3.25663398997
-0.153892237801
-0.35202231554
-0.329363064057
-0.655666378632
3.96373833612
